date,OP,CP,HP,LP,DF,RD,TV,TC,TO
2011-12-02,63.0,59.2,65.0,58.5,-2.8,-1,937000,642,57967700
2011-12-05,58.5,52.5,58.5,51.0,-6.7,-1,464000,351,25055200
2011-12-06,52.5,52.9,54.2,52.0,0.4,1,237000,162,12585400
2011-12-07,54.0,56.6,59.0,53.0,3.7,1,370000,226,20692400
2011-12-08,59.0,55.0,59.0,55.0,-1.6,-1,197340,137,11315500
2011-12-09,53.0,52.5,53.8,51.2,-2.5,-1,209000,122,10994800
2011-12-12,52.5,50.9,54.0,49.0,-1.6,-1,161000,126,8234500
2011-12-13,50.0,47.6,50.0,47.5,-3.3,-1,139000,114,6723400
2011-12-14,47.0,47.6,49.3,45.3,0.0,0,282200,196,13397770
2011-12-15,45.5,47.7,48.0,45.5,0.1,1,196011,112,9200076
2011-12-16,47.7,50.8,50.8,47.7,3.1,1,317000,208,15761900
2011-12-19,50.8,50.1,50.9,48.15,-0.7,-1,135189,115,6755906
2011-12-20,50.0,51.0,51.0,50.0,0.9,1,105189,84,5327844
2011-12-21,51.3,54.5,54.5,51.3,3.5,1,358160,241,19081440
2011-12-22,54.6,54.4,55.0,53.6,-0.1,-1,109780,95,5987442
2011-12-23,54.6,58.2,58.2,54.6,3.8,1,354000,276,20170800
2011-12-26,58.2,55.5,58.2,54.2,-2.7,-1,88060,74,4944394
2011-12-27,56.0,55.3,56.0,54.8,-0.2,-1,23001,21,1269755
2011-12-28,54.9,54.8,54.9,53.8,-0.5,-1,22031,20,1199014
2011-12-29,54.5,58.6,58.6,54.5,3.8,1,300000,131,16958500
2011-12-30,59.0,61.8,62.0,59.0,3.2,1,419000,221,25558200
2012-01-02,59.2,62.8,62.8,59.0,1.0,1,235000,152,14469300
2012-01-03,62.8,62.8,63.0,61.6,0.0,0,136000,102,8535500
2012-01-04,61.5,62.3,62.8,61.3,-0.5,-1,47000,47,2928700
2012-01-05,62.0,60.5,62.0,60.5,-1.8,-1,44300,34,2711140
2012-01-06,60.1,60.0,61.5,59.9,-0.5,-1,45000,37,2729600
2012-01-09,60.0,60.5,60.7,59.7,0.5,1,65000,47,3919000
2012-01-10,60.5,61.0,61.0,60.0,0.5,1,47000,39,2849100
2012-01-11,60.9,61.3,61.4,60.3,0.3,1,40020,34,2440838
2012-01-12,61.3,61.3,61.4,61.0,0.0,0,51000,35,3125000
2012-01-13,61.0,61.0,61.3,60.5,-0.3,-1,24000,21,1458400
2012-01-16,61.3,62.2,63.0,61.3,1.2,1,175000,125,10868700
2012-01-17,62.2,62.6,62.7,61.7,0.4,1,83200,62,5192840
2012-01-18,62.6,62.7,62.8,61.8,0.1,1,50000,47,3126100
2012-01-30,62.7,64.9,65.0,62.7,2.2,1,240748,179,15451716
2012-01-31,64.7,64.0,64.8,63.5,-0.9,-1,60000,54,3864200
2012-02-01,64.0,64.0,64.5,63.3,0.0,0,62000,45,3964000
2012-02-02,64.0,64.1,64.1,62.4,0.1,1,56040,42,3546240
2012-02-03,64.2,65.5,65.5,63.5,1.4,1,208000,126,13461400
2012-02-04,65.5,65.8,66.0,65.4,0.3,1,102000,80,6704200
2012-02-06,65.8,65.7,65.8,64.5,-0.1,-1,69000,50,4515900
2012-02-07,65.7,65.5,66.0,65.5,-0.2,-1,64010,33,4212202
2012-02-08,64.5,66.5,66.9,64.5,1.0,1,131948,80,8673078
2012-02-09,66.5,66.0,66.7,65.2,-0.5,-1,23000,23,1525000
2012-02-10,66.0,65.4,66.0,64.0,-0.6,-1,37000,32,2399900
2012-02-13,65.4,64.5,65.4,64.5,-0.9,-1,17000,16,1103400
2012-02-14,65.4,65.3,65.5,64.0,0.8,1,102000,48,6599500
2012-02-15,65.2,65.2,65.2,65.2,-0.1,-1,1000,1,65200
2012-02-16,65.0,64.1,65.0,63.1,-1.1,-1,18000,18,1149300
2012-02-17,64.1,63.9,64.9,63.1,-0.2,-1,14000,13,894700
2012-02-20,63.9,63.8,65.1,63.0,-0.1,-1,33000,27,2098100
2012-02-21,63.8,64.3,67.0,63.0,0.5,1,44000,39,2836200
2012-02-22,64.0,64.9,65.0,64.0,0.6,1,48000,47,3104600
2012-02-23,64.9,64.6,64.9,64.4,-0.3,-1,11000,10,711200
2012-02-24,64.5,64.5,64.7,64.0,-0.1,-1,9000,9,580400
2012-02-29,64.5,64.5,65.0,64.5,0.0,0,58000,52,3745000
2012-03-01,64.6,64.7,64.8,64.5,0.2,1,52000,49,3356800
2012-03-02,64.7,63.7,64.7,62.5,-1.0,-1,91000,71,5774900
2012-03-03,63.7,64.0,64.2,63.0,0.3,1,21000,16,1339200
2012-03-05,64.2,63.2,64.2,63.2,-0.8,-1,32000,32,2047300
2012-03-06,63.9,63.5,63.9,63.2,0.3,1,29020,31,1841182
2012-03-07,63.5,64.5,64.5,63.3,1.0,1,30000,29,1917100
2012-03-08,64.5,65.2,65.5,64.5,0.7,1,64000,58,4149900
2012-03-09,65.3,65.2,65.9,64.8,0.0,0,30000,26,1962000
2012-03-12,65.2,63.5,65.8,63.5,-1.7,-1,43000,37,2781500
2012-03-13,64.0,64.5,64.5,64.0,1.0,1,9000,9,578800
2012-03-14,64.5,64.5,65.0,63.5,0.0,0,16000,13,1025300
2012-03-15,64.5,64.0,64.7,63.5,-0.5,-1,15000,14,963100
2012-03-16,64.0,64.0,64.3,63.0,0.0,0,18000,18,1143600
2012-03-19,64.0,63.2,64.0,62.8,-0.8,-1,19001,17,1202863
2012-03-20,63.2,63.0,63.7,61.6,-0.2,-1,17000,13,1059400
2012-03-21,63.3,63.0,63.8,62.5,0.0,0,14000,13,884600
2012-03-22,63.0,63.3,63.7,62.8,0.3,1,13000,12,822200
2012-03-23,63.3,61.2,63.3,60.5,-2.1,-1,147000,76,8942100
2012-03-26,61.2,61.3,62.2,61.2,0.1,1,27010,24,1665519
2012-03-27,61.3,62.0,62.9,61.3,0.7,1,11000,10,680300
2012-03-28,62.0,61.5,63.0,61.0,-0.5,-1,16000,13,987400
2012-03-29,61.5,60.6,61.5,60.6,-0.9,-1,10000,10,609800
2012-03-30,60.0,60.9,60.9,60.0,0.3,1,22000,16,1326300
2012-04-02,61.0,60.9,61.0,60.5,0.0,0,12000,11,729500
2012-04-03,60.9,60.0,61.0,60.0,-0.9,-1,25001,19,1508560
2012-04-05,60.0,60.0,60.0,56.7,0.0,0,20001,19,1170760
2012-04-06,60.0,60.1,60.1,59.2,0.1,1,7000,6,419700
2012-04-09,60.1,59.5,60.1,58.0,-0.6,-1,6000,6,353000
2012-04-10,59.5,59.7,59.7,58.1,0.2,1,7000,6,414100
2012-04-11,59.5,60.0,60.0,59.5,0.3,1,10000,10,597500
2012-04-12,60.0,60.0,60.0,60.0,0.0,0,3000,3,180000
2012-04-13,60.0,60.0,61.0,60.0,0.0,0,13000,12,785600
2012-04-16,59.8,59.3,59.8,59.0,-0.7,-1,7001,6,415959
2012-04-17,59.3,59.8,59.8,59.3,0.5,1,8000,8,475900
2012-04-18,59.8,59.8,59.8,58.0,0.0,0,3001,4,177660
2012-04-19,59.8,59.8,59.8,59.8,0.0,0,1050,2,62815
2012-04-20,59.7,59.6,59.7,59.6,-0.2,-1,7000,3,417500
2012-04-23,59.4,59.0,59.4,58.0,-0.6,-1,12000,10,707100
2012-04-24,58.7,58.2,58.7,58.0,-0.8,-1,16000,13,936400
2012-04-25,58.0,57.8,58.0,57.2,-0.4,-1,16000,15,921900
2012-04-26,57.8,58.5,58.6,57.8,0.7,1,32000,27,1860900
2012-04-27,58.3,58.6,58.6,57.4,0.1,1,10000,10,581800
2012-04-30,58.1,58.3,58.3,58.1,-0.3,-1,8001,6,465258
2012-05-02,57.9,58.5,58.5,57.5,0.2,1,9000,9,522600
2012-05-03,58.3,58.3,58.3,58.3,-0.2,-1,3000,3,174900
2012-05-04,58.1,58.3,58.3,58.1,0.0,0,9000,6,523700
2012-05-07,58.0,58.2,58.2,58.0,-0.1,-1,7000,5,406400
2012-05-08,58.0,58.2,58.3,57.3,0.0,0,9000,8,522300
2012-05-09,58.0,58.0,58.0,57.5,-0.2,-1,8000,6,463500
2012-05-10,57.7,56.9,57.7,56.6,-1.1,-1,10001,10,570157
2012-05-11,56.9,57.5,57.5,56.9,0.6,1,12010,11,687269
2012-05-14,57.1,57.1,57.1,57.1,-0.4,-1,3000,3,171300
2012-05-15,57.0,56.0,57.3,56.0,-1.1,-1,25000,18,1416500
2012-05-16,56.0,56.5,57.0,56.0,0.5,1,13000,13,734500
2012-05-17,56.4,56.4,57.0,55.6,-0.1,-1,22000,20,1238300
2012-05-18,56.4,56.0,56.4,55.6,-0.4,-1,8001,8,446056
2012-05-21,56.0,59.0,59.0,56.0,3.0,1,13000,10,734600
2012-05-22,59.0,59.0,59.0,59.0,0.0,0,2000,2,118000
2012-05-23,58.0,59.9,59.9,57.5,0.9,1,15000,13,873700
2012-05-24,59.9,59.5,59.9,58.5,-0.4,-1,7000,7,413800
2012-05-28,59.3,60.7,60.7,59.3,1.2,1,5000,5,299600
2012-05-29,61.5,60.0,61.5,60.0,-0.7,-1,10000,8,611000
2012-05-30,60.4,61.0,61.5,60.4,1.0,1,27000,14,1641800
2012-05-31,61.4,62.0,62.0,61.3,1.0,1,259000,166,15996300
2012-06-01,63.0,62.2,63.0,61.0,0.2,1,1244000,196,76206000
2012-06-04,62.4,61.9,62.4,61.4,-0.3,-1,132000,72,8143200
2012-06-05,62.2,62.2,62.2,61.7,0.3,1,37000,27,2297100
2012-06-06,62.2,62.0,62.2,61.7,-0.2,-1,41000,23,2538400
2012-06-07,62.0,62.0,62.1,61.8,0.0,0,68000,34,4212000
2012-06-08,61.8,62.1,62.4,61.6,0.1,1,98000,40,6074300
2012-06-11,62.2,63.5,63.5,62.2,1.4,1,54000,31,3383900
2012-06-12,63.2,63.9,63.9,62.4,0.4,1,75000,41,4722100
2012-06-13,67.0,64.9,67.0,64.0,1.0,1,190001,120,12247565
2012-06-14,64.9,65.9,65.9,64.8,1.0,1,128000,69,8333400
2012-06-15,66.3,66.9,66.9,66.3,1.0,1,205220,125,13643130
2012-06-18,67.0,67.7,67.9,67.0,0.8,1,212000,136,14304700
2012-06-19,67.7,66.7,67.7,66.2,-1.0,-1,212000,127,14178100
2012-06-20,66.7,67.0,67.0,66.0,0.3,1,182000,90,12111600
2012-06-21,66.7,67.0,67.1,66.4,0.0,0,122300,61,8169650
2012-06-22,66.5,66.8,66.8,66.5,-0.2,-1,131000,32,8723200
2012-06-25,66.8,66.7,67.4,66.4,-0.1,-1,150001,81,10049866
2012-06-26,66.2,64.0,66.5,63.2,-2.7,-1,94000,68,6095100
2012-06-27,64.0,64.2,64.2,63.6,0.2,1,16001,13,1024364
2012-06-28,64.2,64.2,64.2,64.2,0.0,0,3001,4,192664
2012-06-29,63.7,64.8,64.8,63.0,0.6,1,27000,20,1716200
2012-07-02,64.2,64.7,64.7,64.0,-0.1,-1,10020,10,645396
2012-07-03,64.3,64.4,64.6,64.0,-0.3,-1,10000,8,642500
2012-07-04,64.0,63.5,64.0,62.8,-0.9,-1,44000,30,2788800
2012-07-05,63.4,63.4,63.4,62.8,-0.1,-1,21000,19,1326300
2012-07-06,63.4,63.3,63.4,62.8,-0.1,-1,22090,19,1394606
2012-07-09,64.0,64.5,64.5,63.3,1.2,1,46010,39,2932251
2012-07-10,63.9,63.0,63.9,63.0,0.0,0,2000,2,126900
2012-07-11,62.5,63.5,63.5,62.5,0.5,1,14000,6,884000
2012-07-12,63.5,63.5,63.5,63.0,0.0,0,27100,21,1713400
2012-07-13,62.7,63.5,63.5,62.5,0.0,0,44000,28,2760400
2012-07-16,63.2,63.5,63.6,62.8,0.0,0,36000,20,2279800
2012-07-17,63.1,63.4,63.4,62.8,-0.1,-1,34000,19,2149200
2012-07-18,63.0,63.0,63.2,62.7,-0.4,-1,21000,13,1324000
2012-07-19,63.0,63.2,63.4,62.7,0.2,1,38000,20,2399400
2012-07-20,63.0,63.2,63.2,62.8,0.0,0,29000,16,1827300
2012-07-23,63.4,63.0,63.4,62.7,-0.2,-1,27000,15,1700700
2012-07-24,62.7,62.9,62.9,62.5,-0.1,-1,21000,12,1317200
2012-07-25,62.6,62.9,62.9,62.5,0.0,0,18000,10,1128900
2012-07-26,62.6,62.9,62.9,62.5,0.0,0,57004,32,3577251
2012-07-27,62.9,62.6,62.9,62.4,-0.3,-1,25000,17,1567100
2012-07-30,62.4,62.2,62.4,61.8,-0.4,-1,24000,18,1493200
2012-07-31,62.2,62.1,62.2,61.5,-0.1,-1,30000,16,1855600
2012-08-01,62.1,61.5,62.1,61.2,-0.6,-1,41000,32,2527000
2012-08-03,61.3,61.5,61.5,60.8,0.0,0,18000,18,1099700
2012-08-06,61.3,61.4,61.7,60.6,-0.1,-1,56000,35,3422700
2012-08-07,61.4,61.6,61.6,61.0,0.2,1,19000,11,1167600
2012-08-08,61.6,61.5,61.6,61.5,-0.1,-1,11000,6,676600
2012-08-09,61.0,61.4,61.5,61.0,-0.1,-1,23000,9,1413300
2012-08-10,61.0,61.0,61.2,61.0,-0.4,-1,34000,18,2075000
2012-08-13,60.7,60.5,60.7,60.2,-0.5,-1,46000,18,2784400
2012-08-14,60.0,60.5,60.5,60.0,0.0,0,49000,24,2946100
2012-08-15,60.1,60.2,60.3,60.0,-0.3,-1,41000,16,2467100
2012-08-16,63.0,61.5,63.0,61.5,1.3,1,2000,2,124500
2012-08-17,61.5,61.0,61.5,60.5,-0.5,-1,39100,25,2387300
2012-08-20,60.6,61.5,61.5,60.6,0.5,1,29000,18,1765500
2012-08-21,61.1,62.5,62.5,60.9,1.0,1,40000,21,2450000
2012-08-22,61.9,62.7,62.7,61.5,0.2,1,19000,8,1176200
2012-08-23,62.0,62.5,62.5,61.7,-0.2,-1,25000,12,1551300
2012-08-24,61.8,62.0,62.1,61.8,-0.5,-1,51000,30,3157800
2012-08-27,61.5,62.7,62.7,61.1,0.7,1,27000,18,1660700
2012-08-28,62.0,62.4,62.4,61.1,-0.3,-1,25000,16,1546800
2012-08-29,61.6,62.0,62.0,61.5,-0.4,-1,29000,17,1791500
2012-08-30,61.5,61.0,61.7,61.0,-1.0,-1,56000,32,3429100
2012-08-31,60.5,61.8,61.8,60.5,0.8,1,12000,3,739500
2012-09-03,61.0,60.7,61.0,60.7,-1.1,-1,12000,12,729500
2012-09-04,61.0,61.2,61.2,60.5,0.5,1,8000,5,488000
2012-09-05,60.6,60.7,60.7,60.5,-0.5,-1,9000,6,545000
2012-09-06,60.7,60.4,60.7,60.2,-0.3,-1,12000,12,725600
2012-09-07,60.5,61.8,61.8,60.5,1.4,1,19000,14,1153700
2012-09-10,61.8,61.8,61.8,61.8,0.0,0,1000,1,61800
2012-09-11,61.5,61.4,61.5,61.0,-0.4,-1,5000,5,306300
2012-09-12,61.1,60.6,61.4,60.6,-0.8,-1,31000,19,1890100
2012-09-13,60.6,60.6,60.6,60.5,0.0,0,24000,19,1453600
2012-09-14,60.6,60.2,61.0,60.1,-0.4,-1,31200,20,1882560
2012-09-17,60.5,60.5,60.5,60.1,0.3,1,23000,15,1387300
2012-09-18,60.5,60.8,60.8,60.4,0.3,1,12000,12,726100
2012-09-19,60.6,60.7,60.7,60.3,-0.1,-1,10000,10,605600
2012-09-20,60.5,60.7,60.7,60.4,0.0,0,3000,3,181600
2012-09-21,60.4,60.2,61.2,60.1,-0.5,-1,31000,18,1869700
2012-09-24,60.2,60.5,60.5,60.2,0.3,1,17000,10,1024300
2012-09-25,60.4,60.3,60.4,60.0,-0.2,-1,47000,24,2829300
2012-09-26,60.2,60.3,60.3,60.0,0.0,0,11200,9,674080
2012-09-27,60.2,60.6,60.6,59.9,0.3,1,29000,14,1747800
2012-09-28,60.3,60.5,60.5,60.0,-0.1,-1,22000,12,1327200
2012-10-01,60.1,60.3,60.3,59.6,-0.2,-1,8000,8,480700
2012-10-02,60.0,60.0,60.0,59.7,-0.3,-1,15000,13,898300
2012-10-03,59.8,59.7,59.8,59.4,-0.3,-1,19000,14,1132400
2012-10-04,59.5,59.5,59.5,59.3,-0.2,-1,16100,12,956930
2012-10-05,59.8,59.7,59.8,59.0,0.2,1,27000,16,1606400
2012-10-08,59.3,59.9,59.9,59.3,0.2,1,21000,11,1252700
2012-10-09,59.8,59.8,59.8,59.3,-0.1,-1,39000,23,2321700
2012-10-11,59.4,59.8,59.8,59.1,0.0,0,43000,26,2561500
2012-10-12,59.8,59.9,60.0,59.5,0.1,1,52000,21,3103700
2012-10-15,60.0,60.0,60.0,59.4,0.1,1,39000,29,2328400
2012-10-16,59.6,60.0,60.0,59.3,0.0,0,46000,33,2737300
2012-10-17,59.5,59.9,59.9,59.5,-0.1,-1,9000,6,537700
2012-10-18,59.5,60.0,60.0,59.5,0.1,1,21000,14,1256900
2012-10-19,60.0,60.0,60.0,59.7,0.0,0,13000,9,777800
2012-10-22,59.5,59.5,60.0,59.4,-0.5,-1,24000,17,1428900
2012-10-23,59.5,59.6,59.6,59.1,0.1,1,42000,21,2489900
2012-10-24,59.4,59.6,59.6,59.2,0.0,0,8000,7,475500
2012-10-25,59.4,60.0,60.0,59.3,0.4,1,33000,18,1965200
2012-10-26,59.4,59.5,59.5,59.0,-0.5,-1,16000,13,948300
2012-10-29,59.5,60.0,60.0,59.4,0.5,1,16000,14,954100
2012-10-30,59.6,60.0,60.0,59.4,0.0,0,18000,13,1072300
2012-10-31,59.5,59.7,59.7,59.4,-0.3,-1,12000,9,714700
2012-11-01,59.5,59.5,59.8,59.4,-0.2,-1,57000,20,3398000
2012-11-02,59.4,60.4,60.4,59.4,0.9,1,39000,14,2338900
2012-11-05,60.0,60.1,60.2,59.8,-0.3,-1,32000,19,1921000
2012-11-06,59.8,60.0,60.0,59.7,-0.1,-1,10000,8,599300
2012-11-07,59.6,60.8,60.8,59.6,0.8,1,19000,17,1141000
2012-11-08,60.3,60.7,60.8,60.3,-0.1,-1,10000,9,604400
2012-11-09,60.4,60.7,60.7,60.3,0.0,0,33000,21,1996100
2012-11-12,60.5,60.9,60.9,60.2,0.2,1,97000,20,5877200
2012-11-13,61.2,60.9,61.2,60.6,0.0,0,22000,16,1342400
2012-11-14,61.0,61.3,61.3,60.9,0.4,1,24000,16,1466400
2012-11-15,61.0,61.3,61.3,60.5,0.0,0,32000,23,1947800
2012-11-16,61.0,61.3,61.3,60.7,0.0,0,27000,16,1646700
2012-11-19,60.9,60.5,60.9,59.8,-0.8,-1,57250,41,3451275
2012-11-20,60.1,60.5,60.5,59.3,0.0,0,75196,40,4502157
2012-11-21,59.9,60.4,60.4,59.9,-0.1,-1,11000,8,663000
2012-11-22,60.4,60.6,60.6,60.0,0.2,1,10000,10,603600
2012-11-23,60.6,60.9,61.0,60.4,0.3,1,20000,18,1213500
2012-11-26,60.4,60.5,60.5,59.6,-0.4,-1,58000,34,3483200
2012-11-27,61.0,60.0,61.0,60.0,-0.5,-1,3000,3,181000
2012-11-28,60.1,60.5,60.5,60.0,0.5,1,8000,7,481700
2012-11-29,60.3,60.5,60.5,60.0,0.0,0,10054,10,605434
2012-11-30,60.0,60.3,60.3,59.8,-0.2,-1,11000,9,660200
2012-12-03,60.0,60.3,60.3,59.9,0.0,0,14000,10,840600
2012-12-04,59.9,60.0,60.0,59.6,-0.3,-1,9000,8,537900
2012-12-05,59.9,60.0,60.2,59.6,0.0,0,29000,26,1736200
2012-12-06,60.0,62.2,62.2,59.9,2.2,1,267000,113,16371200
2012-12-07,62.7,64.5,64.6,62.5,2.3,1,604000,233,38628700
2012-12-10,64.6,65.5,65.5,64.6,1.0,1,724000,216,47036200
2012-12-11,65.6,65.7,66.9,65.6,0.2,1,388050,177,25596675
2012-12-12,65.8,65.4,66.0,65.0,-0.3,-1,208000,67,13556800
2012-12-13,65.4,65.4,65.7,65.2,0.0,0,127000,55,8308300
2012-12-14,65.3,64.9,65.3,64.5,-0.5,-1,60000,40,3884400
2012-12-17,65.4,65.4,65.5,65.0,0.5,1,288000,77,18786500
2012-12-18,65.7,65.5,65.7,65.3,0.1,1,215000,67,14078600
2012-12-19,65.5,65.4,65.5,65.2,-0.1,-1,120000,30,7844900
2012-12-20,65.3,65.0,65.4,64.8,-0.4,-1,32000,26,2081900
2012-12-21,65.0,65.2,65.4,65.0,0.2,1,48000,19,3127400
2012-12-22,67.4,66.0,67.4,65.2,0.8,1,46050,29,3022430
2012-12-24,65.8,65.9,65.9,65.2,-0.1,-1,58000,32,3807000
2012-12-25,65.6,65.1,65.6,65.1,-0.8,-1,53001,25,3468065
2012-12-26,65.6,65.1,65.6,64.8,0.0,0,58000,37,3771300
2012-12-27,65.1,64.9,65.1,64.5,-0.2,-1,43500,37,2820950
2012-12-28,65.0,64.6,65.2,64.3,-0.3,-1,95000,51,6165000
2013-01-02,64.6,65.0,65.1,64.5,0.4,1,128000,99,8297200
2013-01-03,65.1,65.0,65.3,64.7,0.0,0,122020,65,7923812
2013-01-04,65.5,65.0,65.6,64.6,0.0,0,111000,65,7222500
2013-01-07,65.5,65.0,65.5,64.7,0.0,0,61000,49,3961000
2013-01-08,65.0,65.0,65.1,64.7,0.0,0,53000,36,3441200
2013-01-09,65.0,65.3,65.6,64.8,0.3,1,111000,64,7223900
2013-01-10,65.3,65.0,65.4,64.9,-0.3,-1,104000,46,6760500
2013-01-11,65.0,64.7,65.2,64.4,-0.3,-1,62000,37,4009500
2013-01-14,64.7,64.3,64.7,63.0,-0.4,-1,84000,60,5345300
2013-01-15,63.8,63.6,64.0,63.0,-0.7,-1,93020,48,5917474
2013-01-16,63.5,63.2,63.7,62.8,-0.4,-1,184000,59,11666600
2013-01-17,63.2,62.8,63.2,62.0,-0.4,-1,229000,74,14386200
2013-01-18,62.5,64.7,64.7,62.3,1.9,1,257010,61,16213941
2013-01-21,64.7,65.0,65.0,64.5,0.3,1,280000,94,18155600
2013-01-22,65.0,65.1,65.3,64.8,0.1,1,283000,63,18410600
2013-01-23,65.0,65.0,65.4,64.6,-0.1,-1,297000,74,19277700
2013-01-24,65.0,64.5,65.1,64.5,-0.5,-1,215002,67,13933830
2013-01-25,64.6,64.0,64.9,63.8,-0.5,-1,212000,42,13582200
2013-01-28,63.8,62.8,63.8,61.4,-1.2,-1,167000,86,10457300
2013-01-29,62.4,60.5,62.4,59.7,-2.3,-1,121000,71,7344900
2013-01-30,60.1,59.4,60.1,59.2,-1.1,-1,126000,81,7494400
2013-01-31,59.4,60.0,61.3,59.4,0.6,1,58050,45,3460485
2013-02-01,60.0,59.9,60.0,59.6,-0.1,-1,120000,18,7187700
2013-02-04,61.5,60.1,61.5,59.8,0.2,1,94000,42,5641900
2013-02-05,60.0,59.7,60.0,58.6,-0.4,-1,54000,47,3200100
2013-02-06,59.5,60.0,60.0,59.0,0.3,1,46300,29,2764220
2013-02-18,60.5,60.0,60.5,60.0,0.0,0,11000,9,662700
2013-02-19,60.0,59.2,60.0,59.2,-0.8,-1,25000,22,1484200
2013-02-20,59.6,58.6,59.8,58.6,-0.6,-1,345000,43,20354900
2013-02-21,58.8,58.4,58.8,57.8,-0.2,-1,252000,46,14709000
2013-02-22,58.4,57.6,58.4,57.6,-0.8,-1,97000,39,5627700
2013-02-23,57.8,58.5,58.6,57.5,0.9,1,69019,29,3999000
2013-02-25,58.9,58.4,58.9,57.7,-0.1,-1,99000,48,5766800
2013-02-26,58.0,58.4,58.8,58.0,0.0,0,87000,26,5080900
2013-02-27,58.1,58.5,58.8,58.0,0.1,1,91000,21,5313900
2013-03-01,58.1,58.5,58.5,58.1,0.0,0,25000,22,1458400
2013-03-04,58.5,58.0,58.5,58.0,-0.5,-1,27000,19,1568900
2013-03-05,58.0,57.5,58.5,57.2,-0.5,-1,41000,33,2362100
2013-03-06,53.5,57.3,58.1,53.5,-0.2,-1,190000,122,10569400
2013-03-07,56.9,56.3,56.9,56.0,-1.0,-1,98020,40,5542036
2013-03-08,57.0,57.1,57.6,56.1,0.8,1,39100,29,2217260
2013-03-11,57.2,57.0,57.2,56.1,-0.1,-1,24000,22,1357200
2013-03-12,57.0,57.5,57.5,56.1,0.5,1,25000,21,1419000
2013-03-13,57.0,56.8,57.2,56.2,-0.7,-1,30030,23,1698819
2013-03-14,57.0,57.1,57.3,56.2,0.3,1,23000,21,1304700
2013-03-15,57.0,57.2,57.7,56.2,0.1,1,69000,42,3926100
2013-03-18,57.0,56.9,57.0,56.6,-0.3,-1,8000,7,455200
2013-03-19,56.9,57.0,57.3,56.4,0.1,1,48000,30,2722300
2013-03-20,57.3,57.0,57.3,56.5,0.0,0,46000,19,2618600
2013-03-21,57.0,57.2,57.2,56.8,0.2,1,49000,37,2791300
2013-03-22,57.5,57.2,57.5,56.7,0.0,0,33000,22,1879200
2013-03-25,57.0,57.2,57.6,56.8,0.0,0,25000,24,1427200
2013-03-26,56.8,57.0,57.4,56.6,-0.2,-1,16000,16,910400
2013-03-27,56.6,57.1,57.5,56.5,0.1,1,22000,21,1252200
2013-03-28,56.7,56.9,56.9,56.5,-0.2,-1,16000,13,907800
2013-03-29,56.6,56.9,56.9,56.3,0.0,0,25000,24,1415000
2013-04-01,56.9,57.9,57.9,56.7,1.0,1,32000,26,1832500
2013-04-02,57.5,58.0,58.2,57.3,0.1,1,42000,40,2431900
2013-04-03,58.5,58.8,58.9,58.2,0.8,1,130195,98,7629646
2013-04-08,58.6,58.5,58.6,57.5,-0.3,-1,37000,33,2146300
2013-04-09,58.3,58.5,58.7,58.0,0.0,0,23006,20,1343854
2013-04-10,58.3,58.0,58.5,57.3,-0.5,-1,34004,33,1966232
2013-04-11,57.6,57.9,58.3,57.6,-0.1,-1,9000,8,521900
2013-04-12,57.5,57.7,57.7,57.0,-0.2,-1,31000,26,1775500
2013-04-15,57.7,57.3,57.7,56.3,-0.4,-1,40000,37,2282000
2013-04-16,56.7,56.7,56.7,56.0,-0.6,-1,43000,43,2421200
2013-04-17,56.5,56.9,56.9,56.0,0.2,1,20000,15,1128000
2013-04-18,56.4,55.7,56.4,55.4,-1.2,-1,74000,57,4126700
2013-04-19,55.6,55.6,55.7,55.0,-0.1,-1,39000,32,2158400
2013-04-22,55.6,56.0,56.5,55.4,0.4,1,34000,31,1904200
2013-04-23,56.0,56.1,56.5,55.8,0.1,1,25000,21,1400200
2013-04-24,56.1,56.3,57.2,56.0,0.2,1,55000,39,3094700
2013-04-25,56.0,55.6,56.6,55.0,-0.7,-1,65300,42,3615730
2013-04-26,55.4,56.0,56.0,55.4,0.4,1,83000,51,4639900
2013-04-29,56.0,56.4,56.8,55.5,0.4,1,19060,17,1067114
2013-04-30,56.0,55.6,56.4,55.0,-0.8,-1,31000,26,1718300
2013-05-02,55.5,55.6,55.6,55.0,0.0,0,28000,26,1546100
2013-05-03,55.5,55.7,56.0,55.0,0.1,1,40000,36,2212300
2013-05-06,55.5,55.4,56.5,55.0,-0.3,-1,29114,27,1616483
2013-05-07,55.4,54.7,55.4,53.8,-0.7,-1,63000,57,3433500
2013-05-08,54.3,54.5,54.7,53.5,-0.2,-1,93000,69,5024600
2013-05-09,54.5,52.9,54.5,52.8,-1.6,-1,87000,70,4637300
2013-05-10,52.9,51.9,52.9,51.4,-1.0,-1,74030,61,3836805
2013-05-13,51.6,52.6,52.6,51.6,0.7,1,105000,75,5484600
2013-05-14,52.5,52.7,52.7,52.3,0.1,1,39000,28,2048000
2013-05-15,52.8,52.5,52.8,52.1,-0.2,-1,27000,23,1416100
2013-05-16,52.5,52.7,52.9,52.2,0.2,1,22194,23,1165823
2013-05-17,52.7,52.5,52.9,52.3,-0.2,-1,22000,17,1159300
2013-05-20,52.6,52.5,52.6,52.1,0.0,0,19000,18,994600
2013-05-21,52.4,52.4,52.6,51.9,-0.1,-1,35000,32,1827400
2013-05-22,52.4,52.0,52.4,50.5,-0.4,-1,96000,86,4922400
2013-05-23,51.6,52.5,52.5,51.5,0.5,1,132057,66,6818780
2013-05-24,52.5,52.8,52.8,52.0,0.3,1,20000,17,1047400
2013-05-27,52.8,55.5,55.5,52.8,2.7,1,326000,147,17785800
2013-05-28,56.8,55.8,56.8,55.5,0.3,1,175006,70,9804252
2013-05-29,55.9,55.9,56.3,55.5,0.1,1,93000,56,5206900
2013-05-30,55.9,55.9,55.9,55.2,0.0,0,39000,24,2171400
2013-05-31,55.8,55.4,56.0,55.3,-0.5,-1,33000,23,1830400
2013-06-03,54.9,54.1,54.9,53.9,-1.3,-1,79000,54,4276300
2013-06-04,54.1,54.5,54.5,53.9,0.4,1,27000,17,1466500
2013-06-05,54.5,54.4,54.5,53.5,-0.1,-1,36000,24,1944900
2013-06-06,54.0,53.7,54.0,53.2,-0.7,-1,38000,32,2031200
2013-06-07,53.7,53.0,53.7,53.0,-0.7,-1,48000,32,2553700
2013-06-10,53.0,53.8,53.8,52.8,0.8,1,113000,19,6031100
2013-06-11,54.0,53.9,54.0,53.3,0.1,1,115000,16,6183300
2013-06-13,53.9,53.7,53.9,53.6,-0.2,-1,24000,21,1290600
2013-06-14,54.6,53.9,55.0,53.7,0.2,1,19000,16,1030400
2013-06-17,53.6,53.8,53.8,53.4,-0.1,-1,8000,8,428800
2013-06-18,53.5,54.0,54.0,53.5,0.2,1,18000,14,965300
2013-06-19,54.1,54.5,54.5,54.1,0.5,1,10000,9,542600
2013-06-20,54.5,54.1,54.5,52.8,-0.4,-1,54000,42,2888100
2013-06-21,54.0,54.7,54.7,53.6,0.6,1,11000,9,596400
2013-06-24,54.7,54.7,54.7,54.3,0.0,0,11000,10,599500
2013-06-25,54.7,54.0,54.7,53.5,-0.7,-1,23074,17,1246529
2013-06-26,54.0,54.0,54.0,53.9,0.0,0,12000,10,647900
2013-06-27,54.0,54.0,54.0,53.5,0.0,0,19079,17,1027258
2013-06-28,54.0,54.3,54.3,53.9,0.3,1,14000,10,757900
2013-07-01,54.2,54.5,54.5,54.2,0.2,1,4000,4,217700
2013-07-02,54.2,54.3,54.3,53.9,-0.2,-1,59000,33,3192900
2013-07-03,54.4,54.5,54.5,54.0,0.2,1,56000,25,3027200
2013-07-04,54.3,54.8,54.8,54.3,0.3,1,9000,6,490200
2013-07-05,54.6,56.0,56.0,54.6,1.2,1,57000,31,3153700
2013-07-08,55.8,56.1,56.2,55.6,0.1,1,52000,31,2912200
2013-07-09,56.1,56.6,56.6,55.9,0.5,1,34088,28,1916680
2013-07-10,56.6,57.0,57.0,56.5,0.4,1,83000,46,4706900
2013-07-11,56.8,57.4,57.4,56.8,0.4,1,141000,70,8044500
2013-07-12,57.4,57.3,57.4,56.9,-0.1,-1,207000,92,11824400
2013-07-15,57.8,57.5,57.8,57.3,0.2,1,165000,96,9496500
2013-07-16,57.5,57.0,57.8,57.0,-0.5,-1,147000,95,8442500
2013-07-17,51.4,51.8,51.8,51.4,0.0,0,79000,58,4078900
2013-07-18,51.8,52.0,52.0,51.6,0.2,1,29000,27,1502900
2013-07-19,52.0,51.6,52.0,51.5,-0.4,-1,27000,20,1394900
2013-07-22,51.7,52.5,52.5,51.7,0.9,1,20000,15,1040800
2013-07-23,52.5,52.6,52.7,52.3,0.1,1,34000,22,1785900
2013-07-24,52.5,52.2,52.5,52.0,-0.4,-1,26250,20,1372200
2013-07-25,52.5,52.5,52.5,52.2,0.3,1,20000,16,1048700
2013-07-26,52.5,52.5,52.8,52.3,0.0,0,25000,18,1313700
2013-07-29,52.5,52.5,52.5,52.1,0.0,0,17000,12,890300
2013-07-30,52.5,52.7,52.7,52.4,0.2,1,10000,9,525700
2013-07-31,52.8,52.7,52.9,52.5,0.0,0,37000,26,1950800
2013-08-01,54.5,53.0,54.5,52.6,0.3,1,29000,25,1532700
2013-08-02,53.5,56.7,56.7,52.8,3.7,1,1134000,356,62964600
2013-08-05,57.3,59.8,60.6,56.0,3.1,1,2473244,900,146499340
2013-08-06,59.7,56.9,59.7,55.8,-2.9,-1,736000,425,42258200
2013-08-07,56.2,55.8,56.2,53.8,-1.1,-1,575100,315,31907420
2013-08-08,55.8,55.5,56.3,55.0,-0.3,-1,182000,137,10136500
2013-08-09,55.5,55.9,56.3,54.8,0.4,1,204019,137,11373926
2013-08-12,56.3,55.6,56.3,55.3,-0.3,-1,146033,96,8144843
2013-08-13,56.2,55.6,56.2,54.9,0.0,0,265000,145,14667800
2013-08-14,56.0,55.4,56.0,54.0,-0.2,-1,1182778,111,66074390
2013-08-15,54.8,55.9,56.2,54.8,0.5,1,248381,114,13812796
2013-08-16,55.5,54.0,55.9,52.0,-1.9,-1,304229,184,16323166
2013-08-19,53.6,53.0,53.6,51.0,-1.0,-1,249869,175,13054957
2013-08-20,52.6,51.5,52.6,51.5,-1.5,-1,135050,97,6981700
2013-08-22,51.1,51.9,51.9,51.1,0.4,1,45100,35,2324100
2013-08-23,52.0,52.0,52.0,51.5,0.1,1,79250,58,4108749
2013-08-26,53.0,52.4,53.0,52.0,0.4,1,44000,28,2303200
2013-08-27,52.0,52.0,52.4,51.1,-0.4,-1,73100,48,3791510
2013-08-28,51.8,52.0,52.0,51.5,0.0,0,85250,50,4419225
2013-08-29,52.1,52.2,52.4,52.0,0.2,1,96950,59,5054790
2013-08-30,52.3,52.4,52.6,52.3,0.2,1,110268,55,5778915
2013-09-02,52.6,52.4,52.6,52.2,0.0,0,65100,37,3410928
2013-09-03,52.9,52.6,52.9,52.4,0.2,1,51350,41,2698740
2013-09-04,52.5,52.4,52.5,52.0,-0.2,-1,161291,101,8429147
2013-09-05,52.4,53.3,53.3,52.3,0.9,1,76050,48,3995950
2013-09-06,53.3,53.7,53.8,53.0,0.4,1,88388,41,4726579
2013-09-09,53.5,54.1,54.1,53.5,0.4,1,122000,71,6536500
2013-09-10,54.5,53.5,54.5,53.4,-0.6,-1,168300,94,9028759
2013-09-11,53.7,53.3,53.7,53.0,-0.2,-1,132050,71,7032365
2013-09-12,53.2,53.2,53.4,53.0,-0.1,-1,97020,56,5155180
2013-09-13,53.2,53.2,53.5,53.0,0.0,0,157000,74,8341300
2013-09-14,54.2,54.6,55.4,53.4,1.4,1,68350,45,3693635
2013-09-16,55.3,54.9,55.3,54.0,0.3,1,88450,66,4810380
2013-09-17,55.2,55.2,55.4,54.8,0.3,1,82200,57,4523300
2013-09-18,55.0,54.5,55.0,54.2,-0.7,-1,53162,47,2896348
2013-09-23,55.1,54.5,55.6,53.7,0.0,0,85000,70,4632100
2013-09-24,54.3,54.5,54.5,54.1,0.0,0,27450,26,1490925
2013-09-25,54.3,54.3,54.3,53.8,-0.2,-1,52200,47,2820400
2013-09-26,54.1,53.5,54.3,53.3,-0.8,-1,69000,50,3700600
2013-09-27,53.9,53.4,53.9,53.0,-0.1,-1,50650,39,2701000
2013-09-30,53.8,53.5,53.8,53.1,0.1,1,51869,35,2765657
2013-10-01,53.7,53.6,54.0,53.4,0.1,1,47150,39,2537850
2013-10-02,53.6,53.6,53.6,53.4,0.0,0,37050,28,1982060
2013-10-03,53.9,53.6,53.9,53.4,0.0,0,82380,68,4415068
2013-10-04,53.5,53.5,53.6,53.1,-0.1,-1,68750,51,3674375
2013-10-07,53.3,53.3,53.3,53.0,-0.2,-1,60000,45,3187800
2013-10-08,53.3,54.0,54.0,53.3,0.7,1,78000,52,4197800
2013-10-09,54.0,54.1,54.1,53.6,0.1,1,44000,40,2369000
2013-10-11,54.1,54.0,54.6,53.6,-0.1,-1,121000,93,6541100
2013-10-14,54.5,53.7,54.5,53.4,-0.3,-1,56000,39,3009800
2013-10-15,53.7,53.6,53.8,53.2,-0.1,-1,68050,46,3638670
2013-10-16,53.6,53.3,53.6,53.0,-0.3,-1,64000,48,3403900
2013-10-17,53.3,53.9,53.9,53.0,0.6,1,54275,35,2907522
2013-10-18,53.9,53.8,53.9,53.5,-0.1,-1,21000,13,1127700
2013-10-21,53.8,53.9,54.1,53.7,0.1,1,51275,41,2764422
2013-10-22,54.5,54.9,54.9,54.0,1.0,1,237075,162,12899217
2013-10-23,55.6,54.8,55.6,54.1,-0.1,-1,215000,131,11790600
2013-10-24,54.9,54.8,55.4,54.6,0.0,0,92065,59,5050575
2013-10-25,54.8,55.2,55.3,54.7,0.4,1,118270,94,6505703
2013-10-28,54.8,55.2,55.5,54.6,0.0,0,110350,67,6069045
2013-10-29,55.3,57.0,57.0,54.3,1.8,1,1043092,589,58745144
2013-10-30,56.8,56.2,56.9,55.5,-0.8,-1,460670,302,25886454
2013-10-31,55.8,55.0,55.8,55.0,-1.2,-1,202150,130,11155350
2013-11-01,55.8,54.8,55.8,54.8,-0.2,-1,83000,69,4560000
2013-11-04,55.0,55.0,55.4,54.6,0.2,1,84100,73,4623920
2013-11-05,55.2,54.4,55.2,54.4,-0.6,-1,88000,63,4801100
2013-11-06,54.1,54.5,54.5,54.1,0.1,1,41000,32,2226600
2013-11-07,54.8,54.3,54.8,54.0,-0.2,-1,52000,47,2820700
2013-11-08,54.9,54.8,54.9,54.3,0.5,1,53000,44,2891900
2013-11-11,55.0,54.7,55.0,54.1,-0.1,-1,64000,47,3491300
2013-11-12,54.5,54.4,54.7,53.8,-0.3,-1,72877,62,3952308
2013-11-13,54.7,54.3,54.7,54.3,-0.1,-1,27000,20,1469200
2013-11-14,54.3,54.2,54.4,53.8,-0.1,-1,203580,128,11030594
2013-11-15,54.6,55.9,55.9,54.5,1.7,1,241100,171,13211288
2013-11-18,59.8,58.0,59.8,57.5,2.1,1,947993,559,55764393
2013-11-19,57.9,57.3,57.9,57.0,-0.7,-1,269100,178,15427389
2013-11-20,57.3,57.8,57.8,56.8,0.5,1,151050,114,8648575
2013-11-21,57.8,57.8,57.8,57.3,0.0,0,210050,99,12078070
2013-11-22,57.8,57.7,57.8,57.3,-0.1,-1,47099,40,2710382
2013-11-25,58.0,57.7,58.0,57.5,0.0,0,89330,45,5165808
2013-11-26,58.0,57.9,58.0,57.5,0.2,1,107400,86,6197980
2013-11-27,58.4,58.0,58.5,57.5,0.1,1,295050,189,17158385
2013-11-28,58.0,58.1,58.1,57.4,0.1,1,122000,74,7049200
2013-11-29,58.0,57.5,58.2,57.5,-0.6,-1,135451,82,7842332
2013-12-02,57.9,58.1,58.1,57.5,0.6,1,170000,111,9849200
2013-12-03,58.1,57.9,58.1,57.6,-0.2,-1,86000,59,4968400
2013-12-04,57.9,58.1,58.2,57.7,0.2,1,187800,131,10900680
2013-12-05,58.1,59.9,59.9,58.1,1.8,1,740130,459,43767342
2013-12-06,59.7,59.8,60.7,59.3,-0.1,-1,684361,392,41149242
2013-12-09,60.2,59.7,60.4,59.2,-0.1,-1,307100,174,18333410
2013-12-10,60.0,60.4,60.9,59.6,0.7,1,853500,481,51595949
2013-12-11,61.0,62.4,62.4,60.9,2.0,1,2205536,1043,135566981
2013-12-12,63.0,65.1,66.1,62.3,2.7,1,1404754,916,90866079
2013-12-13,65.4,65.3,68.3,64.3,0.2,1,1883544,1088,125830619
2013-12-16,65.6,61.7,66.1,61.5,-3.6,-1,1284870,876,81430475
2013-12-17,62.7,62.8,63.9,61.8,1.1,1,643100,476,40581480
2013-12-18,64.4,67.1,67.1,64.1,4.3,1,747924,473,49431296
2013-12-19,71.7,71.7,71.7,70.7,4.6,1,1187700,554,84989389
2013-12-20,73.0,75.0,75.4,72.6,3.3,1,3690847,2264,273356999
2013-12-23,75.7,74.5,77.6,74.1,-0.5,-1,2832764,1732,214682000
2013-12-24,74.5,74.0,76.5,73.4,-0.5,-1,1281896,907,95922650
2013-12-25,75.0,71.9,76.2,71.7,-2.1,-1,2049300,1342,151646200
2013-12-26,72.1,72.9,73.8,71.5,1.0,1,858683,562,62478259
2013-12-27,73.3,73.5,74.3,72.0,0.6,1,1050777,645,76828463
2013-12-30,75.3,71.9,77.0,71.8,-1.6,-1,2130829,1356,158519134
2013-12-31,72.3,69.5,72.7,68.3,-2.4,-1,1463984,952,103250185
2014-01-02,69.6,71.6,71.7,69.5,2.1,1,914750,625,64877474
2014-01-03,71.2,73.7,73.8,70.9,2.1,1,1011631,637,73723946
2014-01-06,74.4,71.0,75.0,71.0,-2.7,-1,738890,472,53965219
2014-01-07,72.0,70.8,72.0,70.3,-0.2,-1,275966,219,19570904
2014-01-08,71.3,72.9,72.9,70.2,2.1,1,491128,381,35331028
2014-01-09,72.7,71.5,72.7,70.8,-1.4,-1,526418,426,37729635
2014-01-10,71.8,68.4,72.1,68.0,-3.1,-1,791257,600,55069233
2014-01-13,68.7,67.4,68.9,67.2,-1.0,-1,446620,341,30264085
2014-01-14,67.4,68.9,69.2,67.1,1.5,1,304050,242,20816250
2014-01-15,69.7,67.2,69.9,67.1,-1.7,-1,474300,360,32302560
2014-01-16,67.4,67.5,67.9,66.5,0.3,1,318950,250,21480624
2014-01-17,67.7,67.0,68.0,66.8,-0.5,-1,192016,152,12896375
2014-01-20,66.8,66.8,67.4,66.7,-0.2,-1,138700,98,9289580
2014-01-21,66.4,66.0,66.4,64.2,-0.8,-1,533551,367,34741417
2014-01-22,66.2,70.1,70.1,66.0,4.1,1,1080779,668,74261095
2014-01-23,70.4,70.2,70.9,69.8,0.1,1,556023,381,39057314
2014-01-24,70.2,70.2,71.6,70.2,0.0,0,453020,331,32088902
2014-01-27,70.2,70.2,71.7,70.1,0.0,0,617050,245,43543010
2014-02-05,70.2,71.0,71.4,68.5,0.8,1,389000,272,27183900
2014-02-06,71.0,70.1,71.0,69.6,-0.9,-1,173515,129,12239604
2014-02-07,70.6,70.1,71.0,69.5,0.0,0,157135,112,11008323
2014-02-10,70.1,70.7,71.4,70.1,0.6,1,153418,107,10874801
2014-02-11,70.6,70.5,70.8,70.3,-0.2,-1,92000,70,6492200
2014-02-12,70.5,71.5,72.5,70.5,1.0,1,226850,182,16272933
2014-02-13,71.8,70.3,71.8,70.3,-1.2,-1,83025,77,5871162
2014-02-14,70.4,69.4,70.4,68.7,-0.9,-1,410150,265,28432655
2014-02-17,69.6,68.4,69.6,68.4,-1.0,-1,189000,103,13015600
2014-02-18,68.7,68.6,69.9,68.3,0.2,1,194050,157,13377854
2014-02-19,68.7,67.9,68.7,67.7,-0.7,-1,149100,116,10134510
2014-02-20,67.4,70.6,71.2,67.4,2.7,1,794123,386,55782183
2014-02-21,70.6,70.9,71.9,70.6,0.3,1,224000,172,15945900
2014-02-24,71.6,72.0,72.9,71.4,1.1,1,516450,316,37295600
2014-02-25,72.3,73.4,74.0,72.3,1.4,1,902250,452,66061299
2014-02-26,73.5,73.0,74.0,72.8,-0.4,-1,418400,227,30674680
2014-02-27,73.3,73.5,74.2,73.3,0.5,1,608897,288,44956908
2014-03-03,74.0,75.8,76.2,74.0,2.3,1,1193714,556,89677364
2014-03-04,75.8,74.0,76.0,73.5,-1.8,-1,1166500,494,86950100
2014-03-05,75.0,73.9,75.4,73.1,-0.1,-1,619092,331,45880516
2014-03-06,75.0,74.2,75.0,74.0,0.3,1,1082924,256,80552076
2014-03-07,74.7,72.3,75.3,72.2,-1.9,-1,589388,277,43409757
2014-03-10,72.3,73.0,73.8,72.1,0.7,1,240445,138,17489385
2014-03-11,72.0,72.4,73.0,72.0,-0.6,-1,159681,71,11568468
2014-03-12,73.0,73.0,73.5,71.6,0.6,1,450000,217,32684300
2014-03-13,74.2,73.5,74.2,73.4,0.5,1,205815,114,15201584
2014-03-14,73.3,73.0,73.9,73.0,-0.5,-1,114000,79,8353400
2014-03-17,73.0,72.5,73.1,72.5,-0.5,-1,81350,67,5920509
2014-03-18,72.7,74.6,74.8,72.7,2.1,1,484000,278,35820400
2014-03-19,75.0,74.0,76.0,73.8,-0.6,-1,317039,206,23674777
2014-03-20,72.5,75.4,75.4,72.5,1.4,1,569050,208,42436675
2014-03-21,75.7,77.8,79.5,75.4,2.4,1,2052881,1016,159367576
2014-03-24,78.0,78.4,79.3,75.4,0.6,1,735141,436,57307398
2014-03-25,79.0,80.0,80.7,77.9,1.6,1,1280000,616,102017400
2014-03-26,80.5,81.2,82.6,80.0,1.2,1,1720269,799,140344189
2014-03-27,81.5,81.7,83.0,81.2,0.5,1,1035790,649,85162926
2014-03-28,81.9,80.9,82.8,79.3,-0.8,-1,757043,507,61860142
2014-03-31,80.9,82.8,83.7,80.9,1.9,1,590258,399,48632614
2014-04-01,83.9,82.0,83.9,81.6,-0.8,-1,234100,153,19301570
2014-04-02,82.2,82.2,83.0,81.0,0.2,1,232500,142,18976700
2014-04-03,82.5,80.3,82.5,80.1,-1.9,-1,264233,179,21346715
2014-04-07,80.3,82.2,82.2,79.6,1.9,1,214078,161,17438449
2014-04-08,82.7,80.5,82.8,80.0,-1.7,-1,309308,277,25052831
2014-04-09,80.8,81.3,82.0,80.8,0.8,1,104210,93,8502210
2014-04-10,81.5,81.3,81.9,80.5,0.0,0,121250,84,9832225
2014-04-11,80.5,80.6,81.5,80.5,-0.7,-1,140100,98,11326027
2014-04-14,80.6,78.0,81.4,78.0,-2.6,-1,288080,180,22786840
2014-04-15,78.0,78.6,79.5,78.0,0.6,1,132155,72,10417098
2014-04-16,77.5,78.9,78.9,77.3,0.3,1,78149,59,6104956
2014-04-17,78.9,79.6,79.9,78.7,0.7,1,94030,63,7449470
2014-04-18,80.0,79.8,80.0,79.2,0.2,1,77000,62,6137200
2014-04-21,80.8,79.0,80.8,79.0,-0.8,-1,85000,46,6761800
2014-04-22,78.9,79.6,79.9,78.5,0.6,1,176000,119,13947800
2014-04-23,79.8,78.3,79.9,78.0,-1.3,-1,46301,41,3643478
2014-04-24,77.8,76.5,78.2,75.4,-1.8,-1,526410,277,40336281
2014-04-25,76.2,71.8,76.2,71.3,-4.7,-1,515526,243,37601809
2014-04-28,70.8,69.0,70.8,67.8,-2.8,-1,355950,245,24731850
2014-04-29,69.5,73.8,73.8,69.5,4.8,1,598500,281,43431800
2014-04-30,73.8,73.3,74.3,72.1,-0.5,-1,164215,148,12079109
2014-05-02,74.8,73.5,74.8,73.5,0.2,1,92100,78,6836350
2014-05-05,74.5,75.7,75.7,74.5,2.2,1,88211,77,6604872
2014-05-06,76.7,74.8,76.7,74.5,-0.9,-1,24000,22,1810700
2014-05-07,72.8,72.0,73.0,71.5,-2.8,-1,145100,87,10494510
2014-05-08,72.0,72.7,73.5,71.8,0.7,1,60249,48,4363101
2014-05-09,72.8,72.4,72.8,72.0,-0.3,-1,87361,37,6304883
2014-05-12,72.0,72.8,72.8,71.8,0.4,1,51015,29,3691981
2014-05-13,73.0,72.1,73.4,72.1,-0.7,-1,52000,27,3767900
2014-05-14,74.0,72.3,74.0,72.3,0.2,1,14000,10,1018500
2014-05-15,72.0,72.3,72.3,71.4,0.0,0,30000,21,2157800
2014-05-16,71.3,72.1,72.1,71.0,-0.2,-1,52000,30,3712700
2014-05-19,74.0,73.3,74.0,71.8,1.2,1,86010,41,6279340
2014-05-20,73.5,73.3,73.5,72.8,0.0,0,20000,13,1460300
2014-05-21,72.8,72.9,73.3,71.6,-0.4,-1,20000,20,1455700
2014-05-22,74.0,72.5,74.0,72.0,-0.4,-1,29000,18,2104900
2014-05-23,72.5,72.8,72.8,72.0,0.3,1,30528,24,2212638
2014-05-26,73.0,74.4,74.8,73.0,1.6,1,152000,91,11241500
2014-05-27,74.8,74.2,74.8,73.9,-0.2,-1,146000,79,10869500
2014-05-28,74.0,73.3,74.0,73.0,-0.9,-1,38000,31,2787000
2014-05-29,73.5,73.5,73.5,72.3,0.2,1,56000,48,4093100
2014-05-30,73.9,74.6,74.6,73.3,1.1,1,207000,74,15332600
2014-06-03,75.5,73.5,75.8,73.1,-1.1,-1,87000,54,6471400
2014-06-04,73.8,74.4,74.4,73.2,0.9,1,450000,148,33281900
2014-06-05,74.0,74.5,75.0,73.1,0.1,1,96000,54,7123400
2014-06-06,74.4,73.6,74.4,73.3,-0.9,-1,63000,36,4645500
2014-06-09,73.8,73.8,73.9,73.3,0.2,1,94000,37,6907200
2014-06-10,73.3,73.6,73.8,73.3,-0.2,-1,52500,35,3859649
2014-06-11,73.5,74.0,74.0,73.4,0.4,1,66000,42,4859600
2014-06-12,74.0,75.1,75.3,73.6,1.1,1,447150,148,33407604
2014-06-13,75.5,75.4,76.0,75.0,0.3,1,198136,119,14949185
2014-06-16,75.8,75.5,76.2,75.2,0.1,1,185243,87,14027449
2014-06-17,75.5,75.5,75.9,74.8,0.0,0,131000,70,9852100
2014-06-18,75.9,75.8,76.0,75.5,0.3,1,146674,71,11114653
2014-06-19,75.4,75.6,75.6,74.2,-0.2,-1,103000,75,7734400
2014-06-20,76.0,77.1,77.2,75.7,1.5,1,786035,230,60323683
2014-06-23,77.8,76.0,77.8,74.3,-1.1,-1,130192,85,9897338
2014-06-24,76.0,75.6,76.3,75.4,-0.4,-1,66000,30,5018700
2014-06-25,75.1,75.6,75.6,74.3,0.0,0,92450,61,6917760
2014-06-26,75.7,75.7,76.0,74.4,0.1,1,293000,130,22022000
2014-06-27,75.1,76.5,76.8,75.1,0.8,1,328000,103,25009600
2014-06-30,76.9,76.3,76.9,75.3,-0.2,-1,83000,54,6329600
2014-07-01,76.2,75.2,76.2,74.8,-1.1,-1,66000,52,4971500
2014-07-02,75.2,75.6,75.8,74.7,0.4,1,322715,114,24282881
2014-07-03,75.5,75.4,75.6,74.8,-0.2,-1,49000,35,3681900
2014-07-04,75.8,74.4,75.8,74.4,-1.0,-1,34015,24,2544305
2014-07-07,75.1,75.0,75.1,74.4,0.6,1,58327,41,4355496
2014-07-08,75.3,75.1,75.3,75.0,0.1,1,32050,26,2407550
2014-07-09,75.0,75.1,75.1,74.7,0.0,0,38000,25,2849900
2014-07-10,75.0,74.4,75.3,74.2,-0.7,-1,92050,65,6884425
2014-07-11,74.7,75.2,75.5,74.3,0.8,1,134450,88,10076980
2014-07-14,75.2,74.4,75.5,74.1,-0.8,-1,122000,51,9108800
2014-07-15,74.6,73.9,74.7,73.9,-0.5,-1,135200,36,10017100
2014-07-16,73.9,73.4,74.3,73.4,-0.5,-1,194000,35,14382800
2014-07-17,73.5,73.3,74.1,73.3,-0.1,-1,224108,63,16466927
2014-07-18,73.5,73.0,73.7,73.0,-0.3,-1,23012,20,1686077
2014-07-21,73.6,73.0,73.6,72.9,0.0,0,24000,14,1757500
2014-07-22,72.9,73.3,73.3,71.8,0.3,1,70014,56,5061536
2014-07-24,73.0,73.0,73.0,72.4,-0.3,-1,94010,62,6840733
2014-07-25,73.0,73.4,73.4,71.6,0.4,1,140090,122,10122814
2014-07-28,70.1,70.7,70.8,69.5,0.0,0,197014,156,13818788
2014-07-29,70.5,69.8,70.7,66.8,-0.9,-1,120000,93,8187000
2014-07-30,69.4,69.0,69.4,67.0,-0.8,-1,107000,101,7269600
2014-07-31,68.5,67.6,68.5,66.8,-1.4,-1,67000,63,4498200
2014-08-01,66.8,66.1,67.2,64.7,-1.5,-1,149000,108,9779500
2014-08-04,65.7,66.0,66.1,64.8,-0.1,-1,53000,43,3474900
2014-08-05,66.0,66.0,66.4,64.7,0.0,0,67000,52,4375500
2014-08-06,66.0,65.5,66.0,63.8,-0.5,-1,81000,62,5231900
2014-08-07,63.8,65.0,65.0,63.8,-0.5,-1,92001,70,5914564
2014-08-08,64.3,64.7,64.7,63.8,-0.3,-1,68000,53,4359100
2014-08-11,64.1,64.0,64.3,63.5,-0.7,-1,100124,80,6390636
2014-08-12,64.0,62.8,64.4,62.5,-1.2,-1,82000,65,5192100
2014-08-13,62.6,61.2,62.7,61.2,-1.6,-1,120100,93,7453520
2014-08-14,60.8,65.4,65.4,60.3,4.2,1,516850,180,32817450
2014-08-15,66.6,66.1,67.0,65.4,0.7,1,221150,123,14603900
2014-08-18,66.1,66.0,66.2,65.0,-0.1,-1,99000,69,6489900
2014-08-19,66.2,69.3,69.3,65.5,3.3,1,605000,270,40819600
2014-08-20,69.5,69.2,69.7,68.0,-0.1,-1,286000,113,19693200
2014-08-21,69.1,68.4,69.1,66.3,-0.8,-1,225000,107,15244600
2014-08-22,68.0,68.1,68.4,66.8,-0.3,-1,168055,107,11358523
2014-08-25,68.5,68.0,68.7,66.6,-0.1,-1,159000,107,10705200
2014-08-26,68.0,67.8,68.0,66.9,-0.2,-1,141000,93,9498800
2014-08-27,67.4,68.0,68.0,66.7,0.2,1,166250,129,11178600
2014-08-28,67.5,66.9,67.8,66.1,-1.1,-1,158000,119,10568400
2014-08-29,66.5,66.8,66.9,65.8,-0.1,-1,146000,116,9677800
2014-09-01,66.9,68.4,68.4,66.1,1.6,1,348600,171,23483940
2014-09-02,68.8,68.3,68.8,67.4,-0.1,-1,94000,69,6387200
2014-09-03,68.0,69.5,69.7,67.6,1.2,1,553155,224,38256002
2014-09-04,69.9,69.4,70.1,68.8,-0.1,-1,126100,67,8764660
2014-09-05,69.5,69.4,69.5,68.7,0.0,0,87000,47,6010000
2014-09-09,69.8,69.5,69.8,68.8,0.1,1,55000,39,3815700
2014-09-10,69.6,69.9,70.0,69.0,0.4,1,86550,57,6023414
2014-09-11,70.1,69.1,70.1,69.1,-0.8,-1,59000,38,4115400
2014-09-12,68.8,69.7,69.8,68.0,0.6,1,188264,105,13030058
2014-09-15,69.6,69.0,69.6,68.6,-0.7,-1,56000,41,3870400
2014-09-16,68.7,69.3,69.4,68.6,0.3,1,66039,43,4550610
2014-09-17,69.6,69.2,69.6,68.6,-0.1,-1,44000,37,3036500
2014-09-18,68.8,69.1,69.2,68.5,-0.1,-1,73000,38,5024300
2014-09-19,69.2,68.7,69.4,68.7,-0.4,-1,19000,14,1314700
2014-09-22,68.6,69.2,69.3,68.6,0.5,1,37000,27,2551500
2014-09-23,69.0,69.3,69.4,68.5,0.1,1,81000,50,5586700
2014-09-24,68.9,69.0,69.5,68.6,-0.3,-1,47000,28,3243300
2014-09-25,69.3,68.9,69.3,68.6,-0.1,-1,45056,30,3101692
2014-09-26,68.9,68.9,68.9,68.4,0.0,0,38125,26,2619437
2014-09-29,68.9,69.5,69.5,68.0,0.6,1,87000,50,5980400
2014-09-30,69.3,69.1,69.3,68.3,-0.4,-1,65000,42,4472200
2014-10-01,68.6,69.1,69.1,68.6,0.0,0,27000,17,1858600
2014-10-02,69.1,68.9,69.1,68.6,-0.2,-1,12001,11,826469
2014-10-03,68.9,68.2,68.9,67.8,-0.7,-1,69000,42,4707400
2014-10-06,68.2,72.9,72.9,68.2,4.7,1,1215037,290,86275797
2014-10-07,72.5,72.0,73.0,71.0,-0.9,-1,482056,199,34874470
2014-10-08,72.3,71.5,72.3,70.6,-0.5,-1,331000,107,23757100
2014-10-09,71.9,71.5,72.1,71.0,0.0,0,212099,104,15182968
2014-10-13,70.6,71.4,71.4,69.8,-0.1,-1,170000,88,11966000
2014-10-14,70.9,72.1,72.1,70.3,0.7,1,204000,87,14598600
2014-10-15,72.6,71.8,72.9,71.3,-0.3,-1,83000,49,5983100
2014-10-16,71.9,71.5,71.9,71.0,-0.3,-1,65150,42,4642565
2014-10-17,71.5,71.5,71.8,70.8,0.0,0,71162,51,5073418
2014-10-20,72.0,71.5,72.1,70.9,0.0,0,101000,49,7202200
2014-10-21,71.5,71.3,71.5,70.5,-0.2,-1,79000,38,5602600
2014-10-22,71.4,71.0,71.5,70.5,-0.3,-1,86056,52,6119715
2014-10-23,71.0,71.0,71.0,70.6,0.0,0,13250,12,939500
2014-10-24,70.8,71.2,71.4,69.4,0.2,1,161056,99,11362798
2014-10-27,71.4,71.0,71.4,70.3,-0.2,-1,64600,37,4569900
2014-10-28,71.0,71.4,71.4,70.7,0.4,1,118875,85,8450025
2014-10-29,71.5,71.8,71.9,71.4,0.4,1,95096,66,6810354
2014-10-30,71.8,72.1,72.6,71.5,0.3,1,512251,134,36937146
2014-10-31,72.4,73.2,73.3,72.1,1.1,1,460149,156,33534961
2014-11-03,73.3,76.5,76.7,73.2,3.3,1,1085112,298,80980244
2014-11-04,76.5,75.5,76.5,74.9,-1.0,-1,299000,135,22672200
2014-11-05,75.5,75.5,76.0,74.9,0.0,0,202004,65,15253700
2014-11-06,75.5,75.5,76.0,75.2,0.0,0,96070,60,7267270
2014-11-07,75.5,76.0,76.0,74.9,0.5,1,135500,74,10229750
2014-11-10,75.8,76.4,77.0,75.8,0.4,1,636046,159,48668096
2014-11-11,76.1,76.0,76.3,75.6,-0.4,-1,280046,60,21329473
2014-11-12,76.1,74.9,76.2,74.7,-1.1,-1,74000,49,5563400
2014-11-13,74.3,74.9,75.3,74.3,0.0,0,107023,48,8026713
2014-11-14,74.7,75.1,75.1,74.5,0.2,1,168972,46,12649414
2014-11-17,75.1,74.8,75.1,74.1,-0.3,-1,91010,37,6797045
2014-11-18,74.5,74.4,74.9,73.7,-0.4,-1,19100,16,1423900
2014-11-19,74.4,75.1,75.2,74.0,0.7,1,307000,95,22966600
2014-11-20,75.3,74.9,75.4,74.5,-0.2,-1,94100,50,7054710
2014-11-21,74.9,74.8,75.0,74.3,-0.1,-1,21000,15,1567700
2014-11-24,74.8,74.6,74.9,74.3,-0.2,-1,18001,18,1343374
2014-11-25,74.5,74.5,74.7,74.1,-0.1,-1,25144,19,1872528
2014-11-26,74.3,74.6,74.6,73.9,0.1,1,44000,29,3271700
2014-11-27,74.5,74.8,75.0,74.3,0.2,1,132000,65,9857200
2014-11-28,74.8,74.9,75.0,74.6,0.1,1,38000,23,2844300
2014-12-01,74.5,75.0,75.3,74.3,0.1,1,44000,28,3298300
2014-12-02,75.0,74.8,75.1,74.2,-0.2,-1,41000,28,3064500
2014-12-03,74.8,76.8,77.9,74.8,2.0,1,403050,154,30706765
2014-12-04,77.5,76.2,77.8,75.2,-0.6,-1,76000,52,5809600
2014-12-05,76.3,75.7,76.3,75.0,-0.5,-1,142100,60,10787808
2014-12-08,75.8,75.8,75.8,74.7,0.1,1,31000,27,2339900
2014-12-09,75.8,75.8,75.8,74.1,0.0,0,131150,61,9899294
2014-12-10,75.8,74.7,75.8,74.3,-1.1,-1,44060,39,3290224
2014-12-11,74.4,75.0,75.0,73.4,0.3,1,53150,42,3940279
2014-12-12,75.0,74.8,75.0,73.3,-0.2,-1,52000,34,3849500
2014-12-15,74.7,74.5,74.7,73.7,-0.3,-1,33000,24,2447200
2014-12-16,74.5,73.0,74.6,72.4,-1.5,-1,68000,50,4968900
2014-12-17,73.0,73.5,73.5,72.6,0.5,1,79000,45,5764500
2014-12-18,73.5,74.9,75.0,73.5,1.4,1,150200,77,11179900
2014-12-19,75.1,74.0,75.3,73.3,-0.9,-1,224000,74,16771200
2014-12-22,73.5,74.1,74.2,72.1,0.1,1,122000,72,8913800
2014-12-23,74.1,74.6,74.7,73.0,0.5,1,149000,98,10981700
2014-12-24,74.6,74.2,74.6,73.2,-0.4,-1,146000,89,10788200
2014-12-25,73.8,73.4,74.0,73.1,-0.8,-1,66000,50,4850000
2014-12-26,72.8,72.5,73.3,71.7,-0.9,-1,243000,126,17556200
2014-12-27,72.1,72.0,72.4,71.6,-0.5,-1,107090,54,7711861
2014-12-29,72.0,73.4,73.7,72.0,1.4,1,264000,82,19284200
2014-12-30,72.8,72.9,73.5,72.4,-0.5,-1,40000,28,2921400
2014-12-31,72.9,73.7,73.7,72.5,0.8,1,109000,54,7963200
2015-01-05,73.7,74.0,74.7,73.5,0.3,1,155000,67,11439600
2015-01-06,74.3,74.0,74.4,73.5,0.0,0,85000,51,6283400
2015-01-07,74.0,74.1,74.3,73.9,0.1,1,75000,36,5551100
2015-01-08,74.0,73.9,74.1,73.5,-0.2,-1,96000,38,7072700
2015-01-09,73.7,74.2,74.3,73.5,0.3,1,210208,85,15495374
2015-01-12,74.2,74.0,74.5,73.5,-0.2,-1,99095,50,7331049
2015-01-13,74.0,73.9,74.2,73.6,-0.1,-1,93000,53,6878000
2015-01-14,73.9,73.9,73.9,73.6,0.0,0,27000,21,1992600
2015-01-15,73.9,73.5,73.9,73.1,-0.4,-1,41000,25,3015100
2015-01-16,73.2,72.9,73.2,72.8,-0.6,-1,41416,15,3019360
2015-01-19,72.9,72.5,72.9,72.0,-0.4,-1,51000,24,3693100
2015-01-20,72.5,72.8,73.3,72.0,0.3,1,224056,102,16287216
2015-01-21,73.3,72.0,73.3,71.3,-0.8,-1,94040,65,6781820
2015-01-22,71.7,71.6,71.8,71.2,-0.4,-1,26000,20,1857800
2015-01-23,71.4,72.9,72.9,71.0,1.3,1,396000,88,28418800
2015-01-26,73.3,72.8,73.6,72.7,-0.1,-1,100050,56,7323850
2015-01-27,72.9,73.7,73.8,72.8,0.9,1,118806,63,8696862
2015-01-28,73.5,73.6,73.9,73.5,-0.1,-1,54529,25,4019439
2015-01-29,73.7,73.6,73.8,73.0,0.0,0,96000,40,7056600
2015-01-30,73.3,73.8,73.8,73.3,0.2,1,55361,31,4070095
2015-02-02,73.4,73.9,74.1,73.4,0.1,1,58000,29,4282900
2015-02-03,74.2,74.0,74.2,73.7,0.1,1,74000,32,5474500
2015-02-04,73.9,73.4,73.9,73.4,-0.6,-1,60000,33,4420500
2015-02-05,73.4,73.4,73.7,73.0,0.0,0,51100,34,3750800
2015-02-06,73.1,73.3,73.3,73.1,-0.1,-1,12000,7,879400
2015-02-09,73.1,73.3,73.3,73.1,0.0,0,57000,19,4168000
2015-02-10,73.3,72.8,73.3,72.8,-0.5,-1,25000,5,1831500
2015-02-11,72.8,73.1,73.1,72.5,0.3,1,183142,38,13347237
2015-02-12,73.0,73.8,74.0,72.9,0.7,1,157000,73,11522300
2015-02-13,73.9,74.0,74.3,73.8,0.2,1,119000,62,8808000
2015-02-24,74.2,73.9,74.2,73.6,-0.1,-1,7305,8,540417
2015-02-25,73.8,74.0,74.0,73.0,0.1,1,74000,39,5456900
2015-02-26,73.5,73.6,73.8,72.8,-0.4,-1,48330,38,3545956
2015-03-02,73.1,72.7,73.6,72.1,-0.9,-1,121100,41,8809330
2015-03-03,72.7,73.6,73.8,72.7,0.9,1,90000,54,6602300
2015-03-04,73.6,74.5,74.8,73.0,0.9,1,224030,107,16584923
2015-03-05,74.8,74.5,74.9,74.0,0.0,0,126000,56,9396300
2015-03-06,74.5,75.2,75.2,74.5,0.7,1,341013,119,25572886
2015-03-09,75.2,75.8,75.8,74.5,0.6,1,369013,119,27813780
2015-03-10,75.8,75.9,76.2,75.3,0.1,1,293000,103,22202200
2015-03-11,76.2,76.3,76.3,75.4,0.4,1,637000,147,48407100
2015-03-12,76.5,77.0,77.4,76.3,0.7,1,908500,223,69925400
2015-03-13,77.6,77.3,77.9,76.8,0.3,1,344513,171,26619749
2015-03-16,77.3,78.0,78.0,77.0,0.7,1,411513,116,31913608
2015-03-17,78.0,78.0,78.6,77.7,0.0,0,355513,101,27807508
2015-03-18,78.0,78.0,78.2,77.6,0.0,0,100512,65,7837128
2015-03-19,77.6,78.0,78.1,77.6,0.0,0,89000,48,6931900
2015-03-20,78.0,77.9,78.0,77.5,-0.1,-1,56250,38,4370850
2015-03-23,77.5,77.4,77.9,77.1,-0.5,-1,84000,60,6508600
2015-03-24,76.1,74.9,77.3,74.0,-2.5,-1,155000,100,11727000
2015-03-25,74.9,75.6,75.6,73.9,0.7,1,46000,30,3455200
2015-03-26,75.8,75.3,75.9,74.8,-0.3,-1,30001,21,2265875
2015-03-27,75.3,74.8,75.3,74.2,-0.5,-1,29005,28,2168670
2015-03-30,74.6,74.9,74.9,73.7,0.1,1,45000,31,3355200
2015-03-31,74.9,76.4,76.4,73.9,1.5,1,110045,68,8277915
2015-04-01,76.4,76.3,76.4,76.2,-0.1,-1,41001,13,3125075
2015-04-02,76.3,76.3,76.6,75.6,0.0,0,230050,66,17553490
2015-04-07,76.3,76.2,76.4,76.1,-0.1,-1,25109,22,1914251
2015-04-08,76.2,76.2,76.2,75.4,0.0,0,19207,20,1459769
2015-04-09,76.2,75.9,76.2,75.2,-0.3,-1,27004,21,2047604
2015-04-10,75.9,75.9,76.1,75.3,0.0,0,36001,27,2723175
2015-04-13,76.0,76.0,76.3,76.0,0.1,1,48000,29,3652700
2015-04-14,75.5,77.7,78.0,75.5,1.7,1,340001,139,26152477
2015-04-15,77.8,78.0,78.0,77.1,0.3,1,124000,82,9620500
2015-04-16,78.3,77.7,78.5,76.9,-0.3,-1,184001,73,14296577
2015-04-17,77.7,77.4,77.8,77.3,-0.3,-1,100000,51,7761400
2015-04-20,77.4,77.4,77.5,76.7,0.0,0,77000,48,5934900
2015-04-21,77.6,77.6,77.7,76.3,0.2,1,109000,65,8416500
2015-04-22,77.6,76.8,77.6,76.8,-0.8,-1,21000,16,1625900
2015-04-23,77.0,77.1,77.4,76.6,0.3,1,70000,42,5397500
2015-04-24,77.1,77.0,77.3,76.4,-0.1,-1,74000,56,5689900
2015-04-27,77.0,77.7,78.0,76.5,0.7,1,266000,92,20643800
2015-04-28,77.7,77.3,77.7,76.5,-0.4,-1,148013,43,11408398
2015-04-29,77.3,77.1,77.3,76.7,-0.2,-1,22000,20,1689200
2015-04-30,76.4,77.5,77.5,76.4,0.4,1,53000,26,4084100
2015-05-04,77.8,77.3,77.8,77.0,-0.2,-1,35045,27,2709578
2015-05-05,77.3,77.4,77.8,77.0,0.1,1,213000,44,16553400
2015-05-06,76.6,77.1,77.4,76.4,-0.3,-1,212000,37,16380500
2015-05-07,77.1,76.9,77.1,76.0,-0.2,-1,29000,29,2223200
2015-05-08,76.7,76.8,76.8,76.0,-0.1,-1,51000,27,3888100
2015-05-11,76.8,76.7,76.8,76.0,-0.1,-1,47000,31,3587800
2015-05-12,76.7,76.8,77.0,76.5,0.1,1,26000,19,1996900
2015-05-13,77.0,76.8,77.2,76.6,0.0,0,44000,24,3387800
2015-05-14,76.2,76.8,76.8,76.0,0.0,0,37060,31,2839076
2015-05-15,74.9,76.5,76.8,74.8,-0.3,-1,77000,56,5857400
2015-05-18,76.5,76.7,76.8,76.3,0.2,1,72447,38,5545861
2015-05-19,76.7,76.5,76.7,76.5,-0.2,-1,51000,17,3911000
2015-05-20,76.5,76.8,77.2,76.3,0.3,1,184000,56,14121100
2015-05-21,76.8,76.2,76.8,76.1,-0.6,-1,37000,28,2821300
2015-05-22,76.2,76.2,76.5,76.0,0.0,0,69000,44,5253900
2015-05-25,76.2,75.9,76.2,75.8,-0.3,-1,10000,8,759500
2015-05-26,75.9,75.8,75.9,74.8,-0.1,-1,87000,49,6554400
2015-05-27,75.2,75.6,75.9,75.2,-0.2,-1,22000,14,1663900
2015-05-28,75.9,75.7,76.0,75.4,0.1,1,144000,48,10894900
2015-05-29,75.9,75.9,76.1,75.5,0.2,1,42200,16,3190900
2015-06-01,75.5,77.0,77.0,75.5,1.1,1,45000,25,3450100
2015-06-02,77.0,76.5,77.0,76.0,-0.5,-1,6200,7,473500
2015-06-03,76.5,76.5,76.5,76.0,0.0,0,20000,19,1522600
2015-06-04,75.5,76.5,76.5,75.5,0.0,0,50000,27,3789100
2015-06-05,75.7,76.5,76.5,75.7,0.0,0,16000,15,1216300
2015-06-08,75.7,76.5,76.5,75.3,0.0,0,34000,30,2586100
2015-06-09,75.7,76.5,76.5,75.5,0.0,0,24000,17,1825900
2015-06-10,76.4,76.6,76.6,76.4,0.1,1,16000,12,1224400
2015-06-11,76.6,76.6,76.7,76.6,0.0,0,9001,10,689676
2015-06-12,76.6,76.8,76.8,76.6,0.2,1,18000,12,1380800
2015-06-15,75.7,76.6,76.6,75.7,-0.2,-1,33000,5,2526500
2015-06-16,76.5,76.0,76.5,76.0,-0.6,-1,24000,16,1828900
2015-06-17,76.2,76.4,76.4,76.0,0.4,1,17001,14,1295976
2015-06-18,76.4,76.4,76.4,76.3,0.0,0,18000,12,1373900
2015-06-22,76.4,76.4,76.4,75.7,0.0,0,39000,21,2973800
2015-06-23,76.0,76.4,76.4,75.9,0.0,0,58200,23,4423280
2015-06-24,76.3,76.2,76.4,75.5,-0.2,-1,39000,20,2969400
2015-06-25,76.1,76.2,76.2,75.5,0.0,0,62000,22,4720400
2015-06-26,76.1,76.2,76.2,76.1,0.0,0,11200,12,852640
2015-06-29,76.1,76.2,76.2,75.7,0.0,0,213000,16,16210700
2015-06-30,75.8,76.2,76.2,75.5,0.0,0,20528,15,1557733
2015-07-01,76.2,76.2,76.2,75.7,0.0,0,185000,14,14080500
2015-07-02,76.2,76.5,76.5,76.2,0.3,1,101000,16,7717900
2015-07-03,76.5,76.4,76.5,75.7,-0.1,-1,806000,28,61578800
2015-07-06,76.3,76.4,76.4,76.0,0.0,0,471100,31,35928100
2015-07-07,76.4,76.4,76.4,75.7,0.0,0,1182200,46,90218180
2015-07-08,76.3,76.3,76.3,74.8,-0.1,-1,49000,36,3707100
2015-07-09,75.7,76.2,76.2,75.2,-0.1,-1,55650,21,4224584
2015-07-13,75.7,76.1,76.1,75.0,-0.1,-1,32000,22,2429000
2015-07-14,76.3,76.5,77.3,76.2,0.4,1,34000,15,2615200
2015-07-15,76.4,76.3,76.4,76.3,-0.2,-1,7000,4,534200
2015-07-16,75.6,76.4,76.4,75.6,0.1,1,12000,9,915200
2015-07-17,75.7,76.4,79.3,75.7,0.0,0,15360,14,1177024
2015-07-20,76.4,76.1,76.4,75.6,-0.3,-1,35000,11,2669400
2015-07-21,75.6,76.0,76.0,75.2,-0.1,-1,25000,23,1888400
2015-07-22,75.6,76.0,76.0,75.1,0.0,0,17000,14,1289000
2015-07-23,76.0,75.7,76.0,75.6,-0.3,-1,13000,8,987000
2015-07-24,75.1,75.3,75.6,74.4,-0.4,-1,9000,8,675200
2015-07-27,75.0,75.1,75.2,74.4,-0.2,-1,12000,11,898400
2015-07-28,74.5,75.0,75.0,73.3,-0.1,-1,20000,10,1488700
2015-07-29,75.0,75.0,75.0,75.0,0.0,0,1000,1,75000
2015-07-30,73.2,76.0,76.0,73.2,1.0,1,5000,5,374500
2015-07-31,75.9,75.6,76.0,75.6,-0.4,-1,4472,12,337900
2015-08-03,75.4,75.5,75.5,75.4,-0.1,-1,3000,2,226400
2015-08-04,73.7,75.4,75.4,73.5,-0.1,-1,9000,9,664200
2015-08-05,73.7,75.1,75.1,73.5,-0.3,-1,7141,12,531846
2015-08-06,71.0,72.3,72.4,71.0,0.0,0,26005,24,1855659
2015-08-07,71.0,72.2,72.2,70.3,-0.1,-1,30000,23,2133100
2015-08-10,72.9,72.9,72.9,72.9,0.7,1,1000,1,72900
2015-08-11,71.8,72.7,72.7,71.8,-0.2,-1,4000,4,288100
2015-08-12,71.4,72.5,72.5,71.4,-0.2,-1,132000,7,9568900
2015-08-13,72.5,72.5,72.5,72.5,0.0,0,2000,2,145000
2015-08-14,71.4,72.3,72.3,71.0,-0.2,-1,68262,39,4903237
2015-08-17,71.2,72.0,72.4,71.2,-0.3,-1,19000,14,1365500
2015-08-18,71.3,72.0,72.0,71.2,0.0,0,133000,11,9574500
2015-08-19,71.3,71.7,71.7,70.9,-0.3,-1,140010,26,10000213
2015-08-20,71.5,72.0,72.1,71.5,0.3,1,367518,16,26313957
2015-08-21,71.0,72.1,72.1,71.0,0.1,1,611000,29,43983100
2015-08-24,71.0,72.0,72.0,70.6,-0.1,-1,1072000,30,76847900
2015-08-25,71.5,71.8,71.8,70.9,-0.2,-1,657000,22,46976500
2015-08-26,71.2,71.6,71.6,70.6,-0.2,-1,309004,23,22085889
2015-08-27,71.6,71.6,71.6,71.0,0.0,0,11000,10,785500
2015-08-28,71.6,71.6,71.6,71.3,0.0,0,251000,9,17899600
2015-08-31,71.7,71.7,71.7,71.7,0.1,1,2000,2,143400
2015-09-01,71.1,71.7,71.7,71.0,0.0,0,489000,11,34963400
2015-09-02,71.5,71.6,71.6,71.5,-0.1,-1,116000,10,8294500
2015-09-03,71.7,71.7,72.1,71.5,0.1,1,319045,23,22818608
2015-09-04,71.2,71.7,71.8,71.2,0.0,0,385045,25,27529208
2015-09-07,71.7,71.6,71.7,71.1,-0.1,-1,328000,19,23449600
2015-09-08,71.5,71.6,71.6,71.0,0.0,0,25000,17,1783600
2015-09-09,71.6,71.6,71.6,71.6,0.0,0,9000,9,644400
2015-09-10,71.6,71.6,71.6,71.1,0.0,0,13000,9,928800
2015-09-11,71.6,71.6,71.6,70.9,0.0,0,23000,18,1641500
2015-09-14,71.2,71.6,71.6,70.9,0.0,0,18000,15,1284300
2015-09-15,71.6,72.0,72.0,71.0,0.4,1,7000,5,500400
2015-09-16,71.2,71.6,71.6,71.2,-0.4,-1,14000,14,999200
2015-09-17,71.5,71.6,71.6,71.5,0.0,0,458000,12,32747800
2015-09-18,71.0,71.6,71.6,70.9,0.0,0,411100,16,29392720
2015-09-21,71.1,71.6,71.6,71.1,0.0,0,12100,13,863320
2015-09-22,71.0,71.6,71.6,71.0,0.0,0,14000,14,999400
2015-09-23,71.6,71.4,71.6,71.4,-0.2,-1,9001,7,643071
2015-09-24,71.3,71.4,71.4,70.9,0.0,0,21000,16,1497400
2015-09-25,71.5,71.4,71.5,71.0,0.0,0,13000,10,926800
2015-09-30,71.3,71.4,71.4,70.8,0.0,0,21000,17,1495300
2015-10-01,71.4,71.4,71.4,70.8,0.0,0,95200,28,6767200
2015-10-02,71.3,71.3,71.3,70.7,-0.1,-1,82000,23,5826400
2015-10-05,71.5,69.7,71.5,69.7,-1.6,-1,43003,33,3023510
2015-10-06,69.0,67.2,69.0,66.9,-2.5,-1,463023,52,31559659
2015-10-07,64.9,69.9,70.0,64.9,2.7,1,799000,122,53522800
2015-10-08,71.4,71.4,71.4,69.8,1.5,1,48000,32,3400000
2015-10-12,70.3,68.2,70.6,68.2,-3.2,-1,18000,16,1243900
2015-10-13,68.2,68.4,68.4,68.0,0.2,1,12000,11,818000
2015-10-14,67.6,67.1,67.6,67.1,-1.3,-1,3000,3,201800
2015-10-15,67.1,64.5,67.1,64.2,-2.6,-1,54000,34,3504000
2015-10-16,64.5,63.5,64.5,60.8,-1.0,-1,45000,38,2805800
2015-10-19,63.2,63.3,63.3,62.6,-0.2,-1,15000,13,946100
2015-10-21,63.0,63.5,63.5,63.0,0.2,1,89000,9,5646200
2015-10-22,64.3,64.3,64.3,64.3,0.8,1,36342,3,2337372
2015-10-23,64.3,63.4,64.3,63.3,-0.9,-1,4450,7,282750
2015-10-26,63.5,65.0,65.9,63.0,1.6,1,31000,28,2002800
2015-10-27,64.2,64.8,64.8,64.2,-0.2,-1,2000,2,129000
2015-10-28,64.8,64.8,64.8,64.8,0.0,0,1000,1,64800
2015-10-29,63.0,63.4,63.4,62.5,-1.4,-1,6003,7,377092
2015-10-30,65.6,68.7,69.5,65.6,5.3,1,352002,255,23888738
2015-11-02,68.7,67.9,68.8,64.0,-0.8,-1,138344,106,9153120
2015-11-03,65.3,64.6,65.5,64.6,-3.3,-1,45000,40,2925500
2015-11-04,64.5,63.6,64.8,63.6,-1.0,-1,23000,20,1471800
2015-11-05,64.0,62.9,64.3,62.9,-0.7,-1,15000,14,953200
2015-11-06,62.9,63.0,63.0,62.0,0.1,1,28000,22,1754100
2015-11-09,62.6,63.8,63.8,62.0,0.8,1,14250,16,890550
2015-11-10,62.5,63.5,64.0,61.9,-0.3,-1,18001,14,1121564
2015-11-11,62.3,62.5,62.5,60.3,-1.0,-1,17000,17,1041500
2015-11-12,60.0,60.9,60.9,60.0,-1.6,-1,31200,17,1875400
2015-11-13,60.0,62.0,62.3,59.0,1.1,1,36000,30,2150700
2015-11-16,59.7,59.3,60.0,59.3,-2.7,-1,8000,8,477800
2015-11-17,62.0,59.5,62.0,59.4,0.2,1,7000,7,420500
2015-11-18,59.0,60.9,61.1,59.0,1.4,1,11000,10,660700
2015-11-19,59.5,60.7,60.7,59.1,-0.2,-1,15000,10,889800
2015-11-20,59.4,59.4,59.4,59.4,-1.3,-1,3000,3,178200
2015-11-23,59.0,59.2,60.5,58.7,-0.2,-1,10000,10,592400
2015-11-24,59.2,60.0,60.0,59.2,0.8,1,4000,3,239200
2015-11-25,59.0,60.1,60.1,59.0,0.1,1,3000,3,178100
2015-11-26,60.1,60.0,60.4,59.1,-0.1,-1,6000,6,358700
2015-11-27,59.6,60.0,60.0,59.6,0.0,0,2000,2,119600
2015-11-30,59.1,59.0,59.1,59.0,-1.0,-1,2000,2,118100
2015-12-01,59.8,60.0,60.0,59.8,1.0,1,3000,3,179700
2015-12-03,59.0,59.6,59.6,58.6,-0.4,-1,18000,15,1062300
2015-12-04,59.0,59.5,59.5,58.7,-0.1,-1,10000,9,590100
2015-12-07,59.0,60.8,60.8,58.5,1.3,1,32000,21,1905400
2015-12-08,59.0,59.9,60.3,58.6,-0.9,-1,39000,18,2321700
2015-12-09,59.8,59.0,59.8,59.0,-0.9,-1,32688,8,1953942
2015-12-10,60.0,59.9,60.0,59.9,0.9,1,32000,16,1917800
2015-12-11,59.9,59.0,59.9,59.0,-0.9,-1,39000,17,2331900
2015-12-14,59.0,59.3,59.3,58.7,0.3,1,34000,17,2012200
2015-12-15,59.0,59.0,59.6,59.0,-0.3,-1,36000,18,2143100
2015-12-16,59.0,59.5,59.6,59.0,0.5,1,39000,13,2321400
2015-12-17,59.0,59.7,59.7,59.0,0.2,1,33300,15,1985790
2015-12-18,59.9,60.0,60.0,59.9,0.3,1,41000,12,2458000
2015-12-21,60.5,60.2,60.5,60.2,0.2,1,30000,12,1811100
2015-12-22,60.3,60.3,60.3,60.3,0.1,1,38000,15,2291400
2015-12-23,60.0,60.3,60.3,60.0,0.0,0,77000,28,4641800
2015-12-24,60.3,59.8,60.8,59.8,-0.5,-1,90000,40,5434900
2015-12-25,59.8,60.3,60.4,59.8,0.5,1,65000,38,3923400
2015-12-28,60.3,60.4,60.5,60.3,0.1,1,50000,25,3019000
2015-12-29,60.5,62.3,62.4,60.5,1.9,1,168000,129,10401800
2015-12-30,62.5,62.5,62.5,61.7,0.2,1,64000,43,3982300
2015-12-31,62.3,62.6,62.8,61.5,0.1,1,98000,55,6125200
2016-01-04,62.0,61.2,62.6,61.2,-1.4,-1,70000,39,4329400
2016-01-05,61.0,61.0,61.5,60.6,-0.2,-1,64000,38,3924600
2016-01-06,61.8,60.2,61.8,60.2,-0.8,-1,71000,38,4358300
2016-01-07,60.5,60.2,60.5,59.2,0.0,0,48000,29,2888200
2016-01-08,60.5,60.5,60.8,60.5,0.3,1,67000,34,4058300
2016-01-11,60.1,59.6,60.1,58.3,-0.9,-1,34000,22,2021600
2016-01-12,59.1,60.0,60.6,59.0,0.4,1,42000,23,2532400
2016-01-13,59.1,59.8,60.2,59.1,-0.2,-1,47000,21,2811900
2016-01-14,59.1,59.2,59.7,58.6,-0.6,-1,44500,22,2647000
2016-01-15,58.3,59.2,59.7,58.3,0.0,0,36000,16,2142200
2016-01-18,60.3,60.6,61.0,59.3,1.4,1,54000,26,3278600
2016-01-19,60.3,59.5,60.3,58.7,-1.1,-1,41000,19,2460200
2016-01-20,59.9,58.8,59.9,58.0,-0.7,-1,47000,16,2794400
2016-01-21,58.8,59.4,59.7,58.8,0.6,1,46000,23,2739000
2016-01-22,59.4,58.9,59.9,58.0,-0.5,-1,45250,21,2691050
2016-01-25,58.9,58.9,59.9,58.0,0.0,0,54000,23,3202200
2016-01-26,60.3,60.1,61.7,59.0,1.2,1,77000,35,4657500
2016-01-27,60.0,58.6,62.0,58.6,-1.5,-1,27000,10,1657200
2016-01-28,59.9,58.7,59.9,58.7,0.1,1,48000,16,2866100
2016-01-29,59.8,58.1,59.8,58.1,-0.6,-1,34000,11,2012300
2016-01-30,59.5,58.3,59.5,58.3,0.2,1,39001,18,2306458
2016-02-01,58.3,59.3,59.4,58.3,1.0,1,38001,12,2252759
2016-02-02,59.1,58.9,59.1,58.2,-0.4,-1,39000,9,2299000
2016-02-03,58.9,59.9,59.9,58.9,1.0,1,45000,19,2680700
2016-02-15,59.9,59.4,59.9,58.3,-0.5,-1,18000,7,1076100
2016-02-16,59.9,59.7,59.9,59.7,0.3,1,10000,7,598500
2016-02-17,59.7,59.2,59.7,58.5,-0.5,-1,15000,12,889000
2016-02-18,59.0,59.4,59.8,58.7,0.2,1,141000,49,8389400
2016-02-19,59.3,59.0,59.3,58.8,-0.4,-1,133000,44,7851500
2016-02-22,58.9,59.3,59.8,58.9,0.3,1,111000,55,6592700
2016-02-23,59.2,59.2,59.2,59.0,-0.1,-1,112100,41,6627670
2016-02-24,59.1,58.0,59.1,58.0,-1.2,-1,74212,20,4365502
2016-02-25,58.7,58.4,58.7,57.3,0.4,1,92000,28,5377700
2016-02-26,59.0,58.8,59.4,58.0,0.4,1,58000,18,3435600
2016-03-01,58.6,58.9,59.4,58.5,0.1,1,5000,5,293900
2016-03-02,58.2,58.6,58.6,58.1,-0.3,-1,3000,3,174900
2016-03-03,58.0,58.5,58.5,58.0,-0.1,-1,2000,2,116500
2016-03-04,58.2,58.4,58.4,57.9,-0.1,-1,6000,6,348900
2016-03-07,57.9,57.9,58.4,57.9,-0.5,-1,7042,10,409048
2016-03-08,58.5,57.6,58.5,57.6,-0.3,-1,33000,8,1902900
2016-03-09,57.6,57.4,58.9,57.4,-0.2,-1,68000,13,3905100
2016-03-10,58.4,58.0,58.4,58.0,0.6,1,2000,2,116400
2016-03-11,58.0,57.5,58.0,57.5,-0.5,-1,247100,6,14209280
2016-03-14,57.7,57.1,58.2,57.1,-0.4,-1,144000,17,8225900
2016-03-15,58.0,57.2,58.0,57.2,0.1,1,3000,3,172800
2016-03-16,58.0,58.0,58.0,58.0,0.8,1,1000,1,58000
2016-03-17,58.0,57.6,58.0,57.6,-0.4,-1,3000,3,173600
2016-03-18,58.5,58.5,58.5,58.5,0.9,1,1000,1,58500
2016-03-21,57.1,56.0,57.9,56.0,-2.5,-1,13000,12,736000
2016-03-22,57.1,56.0,57.1,55.5,0.0,0,10236,12,574933
2016-03-23,55.8,56.0,56.0,55.8,0.0,0,2000,2,111800
2016-03-24,55.5,56.0,56.0,55.5,0.0,0,2000,2,111500
2016-03-25,55.5,56.9,56.9,54.7,0.9,1,12000,12,665300
2016-03-28,56.0,56.9,56.9,54.0,0.0,0,31465,31,1739319
2016-03-29,56.8,56.9,56.9,56.5,0.0,0,14000,13,795500
2016-03-30,55.6,55.0,56.8,55.0,-1.9,-1,32000,20,1781600
2016-03-31,55.0,55.9,55.9,54.7,0.9,1,7000,7,385900
2016-04-01,55.5,55.0,56.0,55.0,-0.9,-1,8000,7,444000
2016-04-06,56.0,55.4,56.2,55.0,0.4,1,4000,4,222600
2016-04-07,55.1,55.2,55.2,54.7,-0.2,-1,10001,11,549755
2016-04-08,55.6,55.3,55.6,55.0,0.1,1,6875,8,379537
2016-04-11,55.0,55.4,55.4,55.0,0.1,1,3000,3,165400
2016-04-12,55.0,55.4,55.4,55.0,0.0,0,3000,3,165700
2016-04-13,55.0,55.4,55.4,54.6,0.0,0,6000,6,330000
2016-04-14,56.3,56.3,56.3,56.3,0.9,1,1000,1,56300
2016-04-15,56.1,56.1,56.1,56.1,-0.2,-1,2000,2,112200
2016-04-18,55.0,55.6,55.6,54.6,-0.5,-1,6000,6,331900
2016-04-19,56.6,55.0,56.6,55.0,-0.6,-1,3000,3,168000
2016-04-20,55.0,55.7,55.7,54.4,0.7,1,4000,4,219700
2016-04-21,54.0,55.4,55.4,54.0,-0.3,-1,2000,2,109400
2016-04-22,55.2,55.2,55.2,55.2,-0.2,-1,1000,1,55200
2016-04-25,55.0,55.0,55.0,55.0,-0.2,-1,1000,1,55000
2016-04-28,54.0,54.1,54.4,53.6,-0.7,-1,65000,34,3520600
2016-04-29,54.0,54.3,54.3,53.4,0.2,1,24000,22,1295200
2016-05-03,54.0,53.8,54.7,53.5,-0.5,-1,12000,9,647800
2016-05-04,54.0,54.3,54.4,53.5,0.5,1,7000,7,378300
2016-05-05,54.0,54.0,54.0,54.0,-0.3,-1,4000,4,216000
2016-05-06,54.0,53.8,54.3,53.8,-0.2,-1,3000,3,162100
2016-05-09,54.0,53.8,54.0,53.8,0.0,0,2000,2,107800
2016-05-10,54.0,54.0,54.0,54.0,0.2,1,3000,3,162000
2016-05-11,53.8,53.8,54.2,52.9,-0.2,-1,35000,29,1878500
2016-05-12,53.8,53.8,53.8,53.3,0.0,0,10000,10,536400
2016-05-13,53.8,53.8,53.8,53.3,0.0,0,10000,10,536000
2016-05-16,53.5,53.7,53.7,53.5,-0.1,-1,4001,5,214454
2016-05-17,53.6,53.7,53.7,53.5,0.0,0,7000,5,375300
2016-05-18,53.5,53.6,53.6,53.2,-0.1,-1,6000,5,320600
2016-05-19,53.4,53.5,53.5,52.9,-0.1,-1,16000,16,850900
2016-05-20,53.5,53.5,53.5,53.5,0.0,0,7500,6,401100
2016-05-23,53.4,53.4,53.4,53.4,-0.1,-1,3000,3,160200
2016-05-24,53.4,53.4,53.4,53.4,0.0,0,3000,3,160200
2016-05-25,53.4,53.2,53.4,53.2,-0.2,-1,2000,2,106600
2016-05-26,53.1,52.9,53.1,52.7,-0.3,-1,7000,6,370400
2016-05-27,52.9,52.5,52.9,51.8,-0.4,-1,47037,28,2449461
2016-05-30,52.5,52.0,52.5,50.7,-0.5,-1,102000,71,5272600
2016-05-31,51.9,51.8,51.9,50.8,-0.2,-1,27450,29,1409844
2016-06-01,51.7,51.7,51.7,50.8,-0.1,-1,18000,17,925900
2016-06-02,51.4,51.7,51.7,51.0,0.0,0,32028,25,1646461
2016-06-03,51.3,51.7,51.7,51.2,0.0,0,12000,9,618900
2016-06-04,51.4,51.7,51.7,51.4,0.0,0,7000,6,361600
2016-06-06,51.4,51.7,51.7,51.4,0.0,0,8000,7,413300
2016-06-07,51.6,51.6,51.6,51.6,-0.1,-1,5000,4,258000
2016-06-08,51.6,51.6,51.6,51.6,0.0,0,9050,6,466995
2016-06-13,51.6,51.5,51.6,51.2,-0.1,-1,28007,18,1442564
2016-06-14,51.3,51.5,51.5,51.1,0.0,0,18000,11,925300
2016-06-15,51.4,51.4,51.4,51.2,-0.1,-1,19000,11,976200
2016-06-16,51.3,51.3,51.3,51.1,-0.1,-1,24000,16,1230700
2016-06-17,51.3,51.2,51.3,51.0,-0.1,-1,24612,19,1259450
2016-06-20,51.0,51.2,51.2,50.8,0.0,0,26000,20,1327600
2016-06-21,51.0,51.2,51.2,50.8,0.0,0,26000,20,1326400
2016-06-22,51.0,51.1,51.2,50.8,-0.1,-1,37000,23,1890400
2016-06-23,51.0,51.1,51.1,50.9,0.0,0,26000,17,1327700
2016-06-24,51.1,51.1,51.1,50.7,0.0,0,49000,36,2500900
2016-06-27,51.0,51.1,51.1,50.9,0.0,0,55000,37,2808400
2016-06-28,51.0,51.1,51.1,50.8,0.0,0,25000,16,1275800
2016-06-29,51.1,51.1,51.1,51.0,0.0,0,9000,6,459800
2016-06-30,51.1,51.1,51.1,50.9,0.0,0,20000,11,1021000
2016-07-01,51.0,51.0,51.0,50.9,-0.1,-1,5000,5,254900
2016-07-04,51.0,51.0,51.0,50.8,0.0,0,23000,13,1172500
2016-07-05,51.0,51.0,51.0,50.3,0.0,0,36000,29,1828700
2016-07-06,50.9,51.0,51.0,50.8,0.0,0,25000,17,1273800
2016-07-07,51.0,52.0,52.0,51.0,1.0,1,3000,2,154000
2016-07-11,52.0,52.5,52.5,52.0,0.5,1,3000,3,157000
2016-07-12,52.0,52.5,52.5,51.8,0.0,0,6000,6,312600
2016-07-13,52.5,52.5,52.5,52.5,0.0,0,2000,2,105000
2016-07-14,52.6,52.6,52.6,52.6,0.1,1,2000,2,105200
2016-07-15,52.6,52.6,52.6,52.6,0.0,0,2000,2,105200
2016-07-18,52.6,52.6,52.6,52.6,0.0,0,2000,2,105200
2016-07-19,52.1,52.7,52.7,52.1,0.1,1,3000,3,157500
2016-07-20,52.7,52.7,52.7,52.7,0.0,0,4000,4,210800
2016-07-21,52.7,52.7,52.7,52.7,0.0,0,2000,2,105400
2016-07-22,52.7,52.7,52.7,52.7,0.0,0,2000,2,105400
2016-07-25,52.7,52.7,52.7,52.7,0.0,0,5000,4,263500
2016-07-26,52.8,52.8,52.8,52.8,0.1,1,1000,1,52800
2016-07-27,52.9,52.9,52.9,52.9,0.1,1,3000,3,158700
2016-07-28,52.8,52.8,52.8,52.8,-0.1,-1,1000,1,52800
2016-07-29,53.0,53.0,53.0,53.0,0.2,1,1000,1,53000
2016-08-01,53.0,53.0,53.0,53.0,0.0,0,2000,2,106000
2016-08-02,52.6,53.0,53.0,52.6,0.0,0,6000,3,316400
2016-08-03,53.0,53.0,53.0,53.0,0.0,0,2000,2,106000
2016-08-04,52.8,52.8,52.8,52.8,0.0,0,2000,2,105600
2016-08-05,52.8,52.8,52.8,52.8,0.0,0,2000,2,105600
2016-08-08,52.8,52.8,52.8,52.8,0.0,0,2000,1,105600
2016-08-09,52.8,52.8,52.8,52.8,0.0,0,2000,2,105600
2016-08-10,52.8,52.8,52.8,52.8,0.0,0,2000,2,105600
2016-08-11,52.8,52.8,52.8,52.8,0.0,0,2000,1,105600
2016-08-12,53.0,53.0,53.0,53.0,0.2,1,2000,2,106000
2016-08-15,53.0,53.0,53.0,53.0,0.0,0,2000,2,106000
2016-08-16,53.0,53.0,53.0,53.0,0.0,0,2000,2,106000
2016-08-17,53.0,53.0,53.0,53.0,0.0,0,2000,2,106000
2016-08-18,53.0,53.0,53.0,53.0,0.0,0,3000,1,159000
2016-08-19,53.0,53.0,53.0,53.0,0.0,0,2000,2,106000
2016-08-22,53.0,53.0,53.0,53.0,0.0,0,72000,3,3816000
2016-08-23,53.0,53.0,53.0,53.0,0.0,0,480000,4,25440000
2016-08-24,53.0,53.1,53.1,53.0,0.1,1,116000,3,6154000
2016-08-25,53.1,53.1,53.1,53.1,0.0,0,246000,7,13062600
2016-08-26,53.2,53.2,53.2,53.1,0.1,1,549000,13,29206700
2016-08-29,53.1,53.2,53.2,52.8,0.0,0,66010,7,3504822
2016-08-30,53.2,53.2,53.2,53.2,0.0,0,4045,4,215194
2016-08-31,53.2,53.2,53.2,53.2,0.0,0,2001,3,106453
2016-09-01,53.2,53.2,53.2,53.2,0.0,0,3000,2,159600
2016-09-02,53.0,53.2,53.2,53.0,0.0,0,3000,3,159400
2016-09-05,53.2,53.2,53.2,53.2,0.0,0,1000,1,53200
2016-09-06,53.2,53.2,53.2,53.2,0.0,0,1000,1,53200
2016-09-07,53.2,53.2,53.2,53.2,0.0,0,1000,1,53200
2016-09-08,53.2,53.2,53.2,53.2,0.0,0,3000,3,159600
2016-09-09,53.0,53.2,53.2,53.0,0.0,0,13000,3,689400
2016-09-10,53.2,53.4,53.4,53.2,0.2,1,3000,3,160000
2016-09-12,53.4,53.4,53.4,53.4,0.0,0,1000,1,53400
2016-09-13,53.4,53.4,53.4,53.4,0.0,0,2000,2,106800
2016-09-14,53.2,53.4,53.4,53.2,0.0,0,25000,4,1330200
2016-09-19,53.2,53.4,53.4,53.2,0.0,0,98000,11,5213800
2016-09-20,53.2,53.4,53.4,53.2,0.0,0,3050,4,162455
2016-09-21,53.4,53.4,53.4,53.4,0.0,0,1000,1,53400
2016-09-22,53.0,53.4,53.4,52.0,0.0,0,220000,39,11680000
2016-09-23,53.4,53.4,53.4,53.4,0.0,0,1050,2,56055
2016-09-26,53.4,53.4,53.4,53.4,0.0,0,8000,6,427200
2016-09-29,53.4,53.4,53.4,53.4,0.0,0,1000,1,53400
2016-09-30,53.4,53.4,53.4,53.4,0.0,0,1000,1,53400
2016-10-03,53.4,53.4,53.4,53.4,0.0,0,1000,1,53400
2016-10-04,53.4,53.4,53.4,53.4,0.0,0,1000,1,53400
2016-10-05,53.4,53.4,53.4,53.2,0.0,0,6000,5,320000
2016-10-06,53.4,53.4,53.4,53.4,0.0,0,4000,3,213600
2016-10-07,53.4,53.4,53.4,53.4,0.0,0,1000,1,53400
2016-10-11,53.4,53.4,53.4,53.4,0.0,0,26000,4,1388400
2016-10-12,53.4,53.4,53.4,53.0,0.0,0,37000,9,1975400
2016-10-13,53.4,53.4,53.4,53.4,0.0,0,4000,1,213600
2016-10-14,53.4,53.4,53.4,53.4,0.0,0,1000,1,53400
2016-10-17,53.4,53.4,53.4,53.0,0.0,0,3000,3,159800
2016-10-18,53.4,53.4,53.4,53.4,0.0,0,1050,2,56055
2016-10-19,53.5,53.5,53.5,53.5,0.1,1,1000,1,53500
2016-10-20,53.5,53.3,53.5,53.3,-0.2,-1,4000,4,213800
2016-10-21,53.1,53.5,53.5,53.0,0.2,1,5000,5,265700
2016-10-24,53.5,53.5,53.5,53.5,0.0,0,2000,1,107000
2016-10-25,53.5,53.5,53.5,53.5,0.0,0,1000,1,53500
2016-10-26,53.5,53.5,53.5,53.5,0.0,0,1000,1,53500
2016-10-27,53.5,53.5,53.5,53.5,0.0,0,1000,1,53500
2016-10-28,53.5,53.5,53.5,53.5,0.0,0,2000,2,107000
2016-10-31,53.5,53.5,53.5,53.5,0.0,0,2000,2,107000
2016-11-01,55.0,53.8,55.0,53.5,0.3,1,9000,7,483800
2016-11-02,53.5,53.8,53.8,53.5,0.0,0,2000,2,107300
2016-11-03,53.8,53.8,53.8,53.8,0.0,0,2000,2,107600
2016-11-04,53.8,53.8,53.8,53.8,0.0,0,1000,1,53800
2016-11-07,53.8,53.8,53.8,53.1,0.0,0,11000,9,588800
2016-11-08,53.8,53.8,53.8,53.8,0.0,0,1000,1,53800
2016-11-09,53.5,53.8,53.8,53.3,0.0,0,14000,10,750000
2016-11-10,53.8,53.8,53.8,53.8,0.0,0,3000,3,161400
2016-11-11,53.8,53.8,53.8,53.8,0.0,0,3000,3,161400
2016-11-14,53.8,53.8,53.8,53.8,0.0,0,1000,1,53800
2016-11-15,53.8,53.8,53.8,53.8,0.0,0,2000,2,107600
2016-11-16,53.8,53.8,53.8,53.8,0.0,0,1000,1,53800
2016-11-17,53.8,53.8,53.8,53.8,0.0,0,1035,2,55672
2016-11-18,53.8,53.8,53.8,53.8,0.0,0,1000,1,53800
2016-11-21,53.8,53.8,53.8,53.8,0.0,0,427000,5,22972600
2016-11-22,53.8,53.8,53.8,53.8,0.0,0,1000,1,53800
2016-11-23,53.8,53.8,53.8,53.8,0.0,0,8300,4,446450
2016-11-24,53.8,53.8,53.8,53.8,0.0,0,3000,3,161400
2016-11-25,53.8,53.8,53.8,53.8,0.0,0,4000,3,215200
2016-11-28,53.2,54.0,54.0,52.8,0.2,1,16000,10,852100
2016-11-29,53.8,54.0,54.0,53.8,0.0,0,5000,5,269400
2016-12-01,54.0,54.2,54.2,54.0,0.2,1,2000,2,108200
2016-12-02,54.0,54.0,54.0,54.0,-0.2,-1,1000,1,54000
2016-12-05,54.0,54.0,54.0,54.0,0.0,0,1000,1,54000
2016-12-06,54.0,54.0,54.0,54.0,0.0,0,1000,1,54000
2016-12-07,54.0,54.0,54.0,54.0,0.0,0,1000,1,54000
2016-12-08,54.0,54.0,54.0,54.0,0.0,0,1000,1,54000
2016-12-09,54.0,54.0,54.0,54.0,0.0,0,1000,1,54000
2016-12-12,54.0,54.0,54.0,54.0,0.0,0,3000,3,162000
2016-12-13,54.0,54.0,54.0,54.0,0.0,0,1000,1,54000
2016-12-14,54.0,54.0,54.0,54.0,0.0,0,2000,2,108000
2016-12-15,54.0,54.0,54.0,54.0,0.0,0,1000,1,54000
2016-12-16,54.0,54.0,54.0,54.0,0.0,0,4000,4,216000
2016-12-19,54.0,54.0,54.0,54.0,0.0,0,1000,1,54000
2016-12-20,54.0,54.0,54.0,54.0,0.0,0,1000,1,54000
2016-12-21,54.0,54.0,54.0,53.8,0.0,0,3000,3,161800
2016-12-22,54.1,54.0,54.1,54.0,0.0,0,4000,4,216100
2016-12-23,54.0,54.1,54.1,53.6,0.1,1,5000,5,269500
2016-12-26,54.1,54.1,54.1,54.0,0.0,0,3000,3,162200
2016-12-27,54.0,54.1,54.1,54.0,0.0,0,2000,2,108100
2016-12-28,54.0,54.0,54.0,54.0,-0.1,-1,10000,6,540000
2016-12-29,54.0,54.1,54.1,53.6,0.1,1,6000,5,322900
2016-12-30,54.0,54.0,54.0,54.0,-0.1,-1,4000,3,216000
2017-01-03,54.0,54.0,54.0,54.0,0.0,0,3000,3,162000
2017-01-04,54.0,54.0,54.0,54.0,0.0,0,3000,3,162000
2017-01-05,54.0,54.0,54.0,54.0,0.0,0,5000,3,270000
2017-01-06,54.1,54.1,54.1,54.1,0.1,1,1000,1,54100
2017-01-09,54.0,54.0,54.0,54.0,-0.1,-1,11000,6,594000
2017-01-10,54.0,54.0,54.0,54.0,0.0,0,7000,2,378000
2017-01-11,54.0,54.0,54.0,54.0,0.0,0,6000,4,324000
2017-01-12,54.0,54.0,54.0,54.0,0.0,0,10000,4,540000
2017-01-13,54.1,54.1,54.1,54.1,0.1,1,1000,1,54100
2017-01-16,54.1,54.1,54.1,54.1,0.0,0,2000,2,108200
2017-01-17,54.1,54.1,54.1,54.1,0.0,0,1000,1,54100
2017-01-18,54.0,54.0,54.0,54.0,-0.1,-1,7000,6,378000
2017-01-19,54.0,54.1,54.1,54.0,0.1,1,3000,3,162100
2017-01-20,54.0,54.1,54.1,54.0,0.0,0,2000,2,108100
2017-01-23,54.0,54.1,54.1,54.0,0.0,0,2000,2,108100
2017-01-24,54.0,54.2,54.2,53.8,0.1,1,3000,3,162000
2017-02-02,54.0,54.2,54.2,54.0,0.0,0,2000,2,108200
2017-02-03,54.2,54.0,54.2,54.0,-0.2,-1,12020,5,649274
2017-02-06,54.0,54.0,54.0,54.0,0.0,0,10000,3,540000
2017-02-07,54.0,54.0,54.0,54.0,0.0,0,10000,3,540000
2017-02-08,54.0,54.0,54.0,54.0,0.0,0,16000,6,864000
2017-02-09,54.0,54.0,54.0,53.5,0.0,0,26000,8,1402500
2017-02-10,54.0,54.0,54.0,54.0,0.0,0,25000,6,1350000
2017-02-13,54.0,54.0,54.0,54.0,0.0,0,18000,3,972000
2017-02-14,54.0,54.0,54.0,53.8,0.0,0,35000,11,1889800
2017-02-15,54.0,54.0,54.0,54.0,0.0,0,35024,9,1891288
2017-02-16,54.0,54.0,54.0,54.0,0.0,0,20000,4,1080000
2017-02-17,54.0,54.0,54.0,54.0,0.0,0,20100,4,1085370
2017-02-18,54.0,54.0,54.0,54.0,0.0,0,20000,3,1080000
2017-02-20,54.0,54.0,54.0,54.0,0.0,0,8000,5,432000
2017-02-21,54.0,54.1,54.1,53.8,0.1,1,122000,13,6587900
2017-02-22,54.4,54.2,54.4,54.1,0.1,1,21000,12,1137300
2017-02-23,54.0,54.2,54.2,54.0,0.0,0,2023,3,109458
2017-02-24,54.1,54.2,54.2,54.1,0.0,0,11000,9,595200
2017-03-01,54.0,54.2,54.2,54.0,0.0,0,8000,5,432200
2017-03-02,54.0,54.2,54.2,54.0,0.0,0,3100,3,167590
2017-03-03,54.0,54.2,54.2,54.0,0.0,0,8000,5,432200
2017-03-06,54.0,54.2,54.2,54.0,0.0,0,2000,2,108200
2017-03-07,54.2,54.2,54.2,54.2,0.0,0,1000,1,54200
2017-03-08,54.2,54.2,54.2,54.2,0.0,0,1000,1,54200
2017-03-09,54.2,54.2,54.2,54.2,0.0,0,1000,1,54200
2017-03-10,54.0,54.2,54.2,54.0,0.0,0,7000,5,378200
2017-03-13,54.0,54.0,54.0,54.0,-0.2,-1,2000,1,108000
2017-03-14,54.0,54.2,54.2,54.0,0.2,1,6000,5,324200
2017-03-15,54.2,54.2,54.2,54.2,0.0,0,1000,1,54200
2017-03-16,54.2,54.2,54.2,54.2,0.0,0,1000,1,54200
2017-03-17,54.5,54.3,54.5,54.0,0.1,1,6000,5,326100
2017-03-20,54.3,54.3,54.3,54.3,0.0,0,1000,1,54300
2017-03-21,54.1,54.3,54.3,54.1,0.0,0,98000,2,5321200
2017-03-22,54.3,54.3,54.3,54.2,0.0,0,14000,6,759800
2017-03-23,54.3,54.3,54.3,54.3,0.0,0,3000,3,162900
2017-03-24,54.5,54.5,54.5,54.5,0.2,1,2000,1,109000
2017-03-27,54.5,54.5,54.5,54.5,0.0,0,3000,2,163500
2017-03-28,54.5,54.5,54.5,54.5,0.0,0,2000,1,109000
2017-03-29,54.5,54.5,54.5,54.5,0.0,0,1000,1,54500
2017-03-30,54.3,54.2,54.3,54.2,-0.3,-1,4000,4,217000
2017-03-31,54.2,54.5,54.5,54.2,0.3,1,3001,4,163055
2017-04-05,54.5,54.5,54.5,54.5,0.0,0,2000,2,109000
2017-04-06,54.5,54.5,54.5,54.5,0.0,0,1000,1,54500
2017-04-07,54.5,54.5,54.5,54.5,0.0,0,101000,2,5504500
2017-04-10,54.5,54.5,54.5,53.8,0.0,0,240000,10,12963000
2017-04-11,54.5,54.5,54.5,54.5,0.0,0,150000,2,8175000
2017-04-12,54.5,54.5,54.5,54.5,0.0,0,2000,2,109000
2017-04-13,54.5,54.5,54.5,54.5,0.0,0,1000,1,54500
2017-04-14,54.5,54.5,54.5,54.5,0.0,0,1000,1,54500
2017-04-17,54.5,54.5,54.5,54.5,0.0,0,1000,1,54500
2017-04-18,54.5,54.5,54.5,54.5,0.0,0,1000,1,54500
2017-04-19,54.5,54.5,54.5,54.5,0.0,0,2000,2,109000
2017-04-20,59.9,54.6,59.9,54.6,0.1,1,21000,20,1206400
2017-04-21,54.3,54.6,54.6,54.3,0.0,0,3050,4,165915
2017-04-24,54.6,54.6,54.6,54.6,0.0,0,1000,1,54600
2017-04-25,54.3,54.6,54.6,54.0,0.0,0,10000,6,543900
2017-04-26,54.6,54.6,54.6,54.6,0.0,0,1000,1,54600
2017-04-27,54.6,54.6,54.6,54.6,0.0,0,1000,1,54600
2017-04-28,54.6,54.6,54.6,54.6,0.0,0,6000,2,327600
2017-05-02,54.6,54.6,54.6,54.0,0.0,0,10000,7,543000
2017-05-03,54.6,54.6,54.6,54.6,0.0,0,1000,1,54600
2017-05-04,54.6,54.6,54.6,54.6,0.0,0,2000,2,109200
2017-05-05,54.6,54.6,54.6,54.6,0.0,0,1000,1,54600
2017-05-08,54.6,54.6,54.6,54.3,0.0,0,3000,3,163500
2017-05-09,54.6,54.6,54.6,54.6,0.0,0,1000,1,54600
2017-05-10,54.6,54.6,54.6,54.6,0.0,0,1400,2,76320
2017-05-11,54.6,54.6,54.6,54.6,0.0,0,1000,1,54600
2017-05-12,54.6,54.6,54.6,54.6,0.0,0,1000,1,54600
2017-05-15,54.5,54.6,54.6,54.5,0.0,0,15000,10,818900
2017-05-16,54.6,54.7,54.7,54.6,0.1,1,22000,11,1201300
2017-05-17,54.6,54.7,54.7,54.6,0.0,0,31000,4,1692700
2017-05-18,54.6,54.7,54.7,54.6,0.0,0,36000,6,1965700
2017-05-19,54.3,54.7,54.7,54.3,0.0,0,38200,10,2084180
2017-05-22,54.3,54.7,54.7,54.3,0.0,0,37000,4,2023500
2017-05-23,54.7,54.7,54.7,54.7,0.0,0,41000,4,2242700
2017-05-24,54.7,54.7,54.7,54.7,0.0,0,42000,6,2297400
2017-05-25,54.7,54.7,54.7,54.7,0.0,0,46000,10,2516200
2017-05-26,54.6,54.8,54.8,54.6,0.1,1,47061,7,2569924
2017-05-31,54.4,54.8,54.8,54.2,0.0,0,47355,8,2593947
2017-06-01,54.7,54.8,54.8,54.7,0.0,0,47050,9,2578225
2017-06-02,54.8,54.8,54.8,54.8,0.0,0,45000,3,2466000
2017-06-03,54.4,54.8,54.8,54.4,0.0,0,48000,4,2630000
2017-06-05,54.7,54.8,54.8,54.7,0.0,0,52000,10,2847500
2017-06-06,54.4,54.8,54.8,54.4,0.0,0,52000,9,2845200
2017-06-07,54.4,54.8,54.8,54.4,0.0,0,59000,14,3228600
2017-06-08,54.6,54.8,54.8,54.4,0.0,0,56050,22,3066425
2017-06-09,54.7,54.9,54.9,54.5,0.1,1,58000,31,3176700
2017-06-12,54.6,54.9,54.9,54.5,0.0,0,67090,21,3673914
2017-06-13,54.7,54.9,54.9,54.5,0.0,0,65000,41,3558600
2017-06-14,54.6,54.9,54.9,54.6,0.0,0,62000,48,3397600
2017-06-15,54.7,54.9,54.9,54.5,0.0,0,71000,47,3891100
2017-06-16,54.7,55.3,55.3,54.5,0.4,1,106002,78,5820310
2017-06-19,55.0,55.3,55.3,55.0,0.0,0,109009,60,6018095
2017-06-20,55.0,55.3,55.5,55.0,0.0,0,117000,46,6464000
2017-06-21,55.2,55.3,55.3,55.1,0.0,0,109000,30,6021900
2017-06-22,55.2,55.3,55.3,55.1,0.0,0,104000,56,5747000
2017-06-23,55.2,55.3,55.3,55.1,0.0,0,104000,39,5746100
2017-06-26,55.2,55.3,55.3,55.1,0.0,0,107000,37,5914400
2017-06-27,55.2,55.3,55.3,55.1,0.0,0,108000,48,5967300
2017-06-28,55.2,55.3,55.3,55.1,0.0,0,103000,42,5693100
2017-06-29,55.2,55.3,55.3,55.1,0.0,0,108000,47,5969100
2017-06-30,55.2,55.3,55.3,55.1,0.0,0,104000,55,5746400
2017-07-03,55.2,55.5,55.5,55.0,0.2,1,126178,65,6974224
2017-07-04,55.2,55.4,55.4,55.0,-0.1,-1,115000,46,6354300
2017-07-05,55.2,55.4,55.4,55.2,0.0,0,106108,35,5861850
2017-07-06,55.2,55.5,55.5,55.2,0.1,1,105000,39,5811200
2017-07-07,55.2,55.5,55.5,55.2,0.0,0,110000,44,6092700
2017-07-10,55.3,55.7,55.8,55.3,0.2,1,127555,48,7087391
2017-07-11,55.4,55.7,55.9,55.3,0.0,0,124000,66,6899400
2017-07-12,55.7,55.8,55.9,55.5,0.1,1,131000,58,7297500
2017-07-13,55.6,55.8,56.1,55.5,0.0,0,135000,60,7531200
2017-07-14,55.7,56.0,56.0,55.7,0.2,1,142000,55,7929700
2017-07-17,55.9,56.0,56.1,55.8,0.0,0,146000,53,8171000
2017-07-18,55.8,56.1,56.1,55.7,0.1,1,139000,56,7779700
2017-07-19,55.9,55.8,56.0,55.7,-0.3,-1,123001,38,6866955
2017-07-20,55.7,55.9,55.9,55.6,0.1,1,163000,43,9098000
2017-07-21,61.4,56.2,61.4,55.7,0.3,1,160000,76,9122100
2017-07-24,55.9,56.2,56.3,55.9,0.0,0,152000,59,8532000
2017-07-25,56.0,56.3,56.3,56.0,0.1,1,166000,65,9321600
2017-07-26,56.1,56.3,56.4,56.1,0.0,0,183000,69,10288700
2017-07-27,56.1,56.3,56.4,56.1,0.0,0,199000,61,11193500
2017-07-28,56.2,56.4,56.4,56.2,0.1,1,181000,77,10191400
2017-07-31,56.2,56.4,57.2,56.2,0.0,0,163000,81,9186200
2017-08-01,56.2,56.4,56.8,56.2,0.0,0,163000,63,9185700
2017-08-02,56.3,56.4,56.7,56.3,0.0,0,161000,73,9077800
2017-08-03,55.7,55.9,56.0,55.7,0.0,0,161000,72,8989000
2017-08-04,55.8,56.0,56.1,55.7,0.1,1,152000,65,8500500
2017-08-07,55.8,56.0,56.0,55.7,0.0,0,150000,64,8386300
2017-08-08,55.7,56.0,56.1,55.7,0.0,0,146000,69,8163100
2017-08-09,55.8,55.7,56.0,55.7,-0.3,-1,141000,64,7873100
2017-08-10,55.7,55.8,55.8,55.7,0.1,1,142000,19,7922800
2017-08-11,55.7,56.0,56.0,55.7,0.2,1,161000,53,8988700
2017-08-14,55.8,56.0,56.1,55.8,0.0,0,155000,56,8668200
2017-08-15,55.8,55.9,56.1,55.8,-0.1,-1,153000,53,8555200
2017-08-16,55.7,55.6,55.8,55.5,-0.3,-1,145000,41,8068700
2017-08-17,55.6,55.8,55.8,55.5,0.2,1,147000,37,8176800
2017-08-18,55.6,56.0,56.0,55.5,0.2,1,160000,36,8916400
2017-08-21,55.8,56.0,56.1,55.7,0.0,0,152000,50,8496600
2017-08-22,55.8,56.0,56.0,55.8,0.0,0,150000,37,8386600
2017-08-23,55.8,56.0,56.1,55.8,0.0,0,146000,43,8166300
2017-08-24,55.8,56.0,56.1,55.8,0.0,0,194000,37,10856500
2017-08-25,55.8,56.1,56.8,55.8,0.1,1,217000,48,12159000
2017-08-28,55.9,56.2,56.3,55.8,0.1,1,176000,66,9859400
2017-08-29,55.9,56.2,56.3,55.9,0.0,0,246000,44,13356100
2017-08-30,55.9,56.2,56.3,55.9,0.0,0,156000,52,8756100
2017-08-31,56.0,56.2,56.2,55.0,0.0,0,175208,59,9795627
2017-09-01,56.2,56.3,56.3,55.9,0.1,1,231000,32,12981100
2017-09-04,56.0,56.3,56.4,56.0,0.0,0,211000,40,11871200
2017-09-05,56.1,56.3,56.4,56.1,0.0,0,172000,42,9668800
2017-09-06,56.1,56.3,56.4,56.1,0.0,0,162005,63,9113680
2017-09-07,56.1,56.3,56.4,56.1,0.0,0,157000,55,8829900
2017-09-08,56.2,56.4,56.5,56.2,0.1,1,172000,56,9687700
2017-09-11,56.2,56.4,56.5,56.2,0.0,0,161000,60,9074800
2017-09-12,56.2,56.4,56.4,56.0,0.0,0,152000,48,8548600
