date,OP,CP,HP,LP,DF,RD,TV,TC,TO
2010-10-05,0.7,0.66,0.72,0.6,-0.54,-1,99000,13,66640
2010-10-06,0.73,0.71,0.8,0.71,0.05,1,119000,9,91630
2010-10-07,0.75,0.86,0.86,0.75,0.15,1,150000,5,113800
2010-10-08,0.0,0.0,0.0,0.0,0.0,0,0,0,0
2010-10-11,0.0,0.0,0.0,0.0,0.0,0,0,0,0
2010-10-12,0.8,0.72,0.8,0.72,-0.14,-1,34000,3,26240
2010-10-13,0.73,0.68,0.73,0.68,-0.04,-1,104000,3,70920
2010-10-14,0.76,0.76,0.76,0.76,0.08,1,10000,1,7600
2010-10-15,0.73,0.73,0.73,0.73,-0.03,-1,50000,1,36500
2010-10-18,0.0,0.0,0.0,0.0,0.0,0,0,0,0
2010-10-19,0.61,0.58,0.62,0.55,-0.15,-1,318000,9,190880
2010-10-20,0.59,0.75,0.77,0.59,0.17,1,219000,8,140170
2010-10-21,0.78,0.78,0.82,0.77,0.03,1,146000,6,118330
2010-10-22,0.84,0.82,0.84,0.82,0.04,1,320000,6,264600
2010-10-25,0.83,0.83,0.83,0.83,0.01,1,210000,3,174300
2010-10-26,1.0,0.93,1.0,0.93,0.1,1,120000,6,115050
2010-10-27,0.91,0.92,0.95,0.9,-0.01,-1,175000,5,161400
2010-10-28,1.03,1.05,1.05,1.03,0.13,1,42000,4,43660
2010-10-29,1.08,1.05,1.08,1.05,0.0,0,55000,2,59250
2010-11-01,0.93,0.89,0.94,0.88,-0.16,-1,122000,4,112380
2010-11-02,0.88,0.88,0.88,0.88,-0.01,-1,5000,1,4400
2010-11-03,0.8,0.66,0.8,0.65,-0.22,-1,42000,5,28290
2010-11-04,0.68,0.7,0.7,0.67,0.04,1,76000,6,51600
2010-11-05,0.72,0.87,0.87,0.72,0.17,1,532000,14,410970
2010-11-08,0.81,0.77,0.81,0.77,-0.1,-1,1252000,24,993140
2010-11-09,0.8,0.83,0.88,0.8,0.06,1,1463000,25,1238800
2010-11-10,0.81,0.85,0.88,0.81,0.02,1,1527000,26,1283310
2010-11-11,0.92,1.14,1.14,0.92,0.29,1,884000,26,924960
2010-11-12,1.2,1.17,1.23,1.09,0.03,1,604000,23,698000
2010-11-15,1.17,1.13,1.21,1.08,-0.04,-1,254000,19,290570
2010-11-16,1.12,1.05,1.13,0.94,-0.08,-1,98000,11,102900
2010-11-17,1.05,1.1,1.15,1.05,0.05,1,106000,9,117750
2010-11-18,1.02,0.86,1.02,0.81,-0.24,-1,188000,18,172390
2010-11-19,0.87,0.83,0.87,0.83,-0.03,-1,135000,3,113600
2010-11-22,0.82,0.82,0.82,0.82,-0.01,-1,1000,1,820
2010-11-23,0.8,0.85,0.9,0.8,0.03,1,300000,10,258300
2010-11-24,0.82,0.75,0.82,0.74,-0.1,-1,251000,8,192720
2010-11-25,0.77,0.76,0.79,0.75,0.01,1,372000,13,288890
2010-11-26,0.89,0.78,0.89,0.77,0.02,1,494000,16,418680
2010-11-29,0.8,0.94,0.99,0.76,0.16,1,749000,28,702800
2010-11-30,0.9,0.96,1.01,0.87,0.02,1,743000,22,684500
2010-12-01,1.04,0.95,1.06,0.95,-0.01,-1,197000,11,198840
2010-12-02,0.95,0.86,0.95,0.86,-0.09,-1,184000,9,165280
2010-12-03,0.88,0.9,0.9,0.88,0.04,1,122000,5,107400
2010-12-06,0.94,0.86,0.94,0.83,-0.04,-1,398000,13,347170
2010-12-07,0.93,0.93,1.0,0.92,0.07,1,226000,11,212130
2010-12-08,0.97,0.89,0.98,0.89,-0.04,-1,616000,21,587750
2010-12-09,0.92,0.83,0.92,0.83,-0.06,-1,401000,18,355020
2010-12-10,0.85,0.81,0.88,0.8,-0.02,-1,422000,14,355980
2010-12-13,0.78,0.76,0.81,0.76,-0.05,-1,152000,9,120130
2010-12-14,0.78,0.7,0.78,0.69,-0.06,-1,106000,11,79990
2010-12-15,0.7,0.58,0.7,0.56,-0.12,-1,208000,13,136350
2010-12-16,0.58,0.58,0.63,0.56,0.0,0,218000,9,126250
2010-12-17,0.58,0.63,0.67,0.55,0.05,1,480000,19,286630
2010-12-20,0.62,0.59,0.64,0.59,-0.04,-1,329000,16,202040
2010-12-21,0.62,0.68,0.68,0.61,0.09,1,240000,11,151450
2010-12-22,0.69,0.69,0.73,0.68,0.01,1,820000,24,575840
2010-12-23,0.74,0.71,0.76,0.71,0.02,1,520000,18,383580
2010-12-24,0.72,0.66,0.76,0.66,-0.05,-1,358000,11,264080
2010-12-27,0.64,0.64,0.64,0.64,-0.02,-1,169000,5,108160
2010-12-28,0.57,0.57,0.57,0.57,-0.07,-1,15000,2,8550
2010-12-29,0.51,0.46,0.51,0.46,-0.11,-1,138000,4,70050
2010-12-30,0.45,0.46,0.46,0.45,0.0,0,35000,2,16000
2010-12-31,0.5,0.48,0.5,0.48,0.02,1,50000,3,24800
2011-01-03,0.48,0.48,0.48,0.47,0.0,0,137000,8,65160
2011-01-04,0.56,0.62,0.62,0.54,0.14,1,122000,9,71980
2011-01-05,0.58,0.49,0.58,0.47,-0.13,-1,214000,8,108080
2011-01-06,0.48,0.47,0.49,0.47,-0.02,-1,161000,5,77200
2011-01-07,0.44,0.43,0.44,0.42,-0.04,-1,258000,8,111130
2011-01-10,0.45,0.43,0.45,0.43,0.0,0,49000,4,21370
2011-01-11,0.48,0.5,0.5,0.48,0.07,1,105000,4,52000
2011-01-12,0.61,0.61,0.67,0.61,0.11,1,557000,22,357470
2011-01-13,0.62,0.66,0.69,0.6,0.05,1,381000,22,242870
2011-01-14,0.66,0.62,0.66,0.59,-0.04,-1,145000,8,88800
2011-01-17,0.74,1.02,1.1,0.7,0.4,1,1042000,31,908800
2011-01-18,1.09,1.07,1.29,1.02,0.05,1,1324000,50,1566320
2011-01-19,1.32,1.5,1.5,1.28,0.43,1,778000,35,1127810
2011-01-20,1.39,1.37,1.56,1.37,-0.13,-1,816000,33,1211330
2011-01-21,1.4,1.67,1.75,1.4,0.3,1,816000,32,1342870
2011-01-24,1.88,1.57,1.91,1.57,-0.1,-1,380000,17,685430
2011-01-25,1.7,1.82,1.92,1.65,0.25,1,1466000,65,2664830
2011-01-26,1.69,1.6,1.89,1.56,-0.22,-1,2448000,105,4198680
2011-01-27,1.66,1.74,1.74,1.51,0.14,1,522000,30,837660
2011-01-28,1.71,1.77,1.95,1.71,0.03,1,770000,43,1429360
2011-02-08,1.78,1.8,1.88,1.57,0.03,1,449000,29,788880
2011-02-09,1.76,1.54,1.92,1.52,-0.26,-1,775000,54,1312340
2011-02-10,1.44,1.53,1.73,1.44,-0.01,-1,659000,40,1085390
2011-02-11,1.51,1.4,1.81,1.4,-0.13,-1,1726000,80,2642910
2011-02-14,1.53,2.2,2.2,1.49,0.8,1,1162000,50,1885540
2011-02-15,2.08,2.69,2.8,2.08,0.49,1,976000,43,2647320
2011-02-16,2.5,2.48,2.55,2.4,-0.21,-1,749000,22,1853290
2011-02-17,2.82,2.95,2.96,2.73,0.47,1,736000,27,2062110
2011-02-18,3.0,2.76,3.0,2.76,-0.19,-1,445000,12,1303820
2011-02-21,3.04,3.66,3.66,3.04,0.9,1,65000,7,212450
2011-02-22,3.52,3.67,4.01,3.52,0.01,1,21000,4,80320
2011-02-23,3.23,2.87,3.23,2.87,-0.8,-1,92000,6,286080
2011-02-24,2.9,3.18,3.22,2.9,0.31,1,16000,4,49580
2011-02-25,3.66,3.81,3.81,3.66,0.63,1,11000,2,40410
2011-03-01,2.88,2.88,2.88,2.88,-0.93,-1,5000,1,14400
2011-03-02,2.82,2.82,2.82,2.82,-0.06,-1,5000,1,14100
2011-03-03,3.36,3.36,3.36,3.36,0.54,1,5000,1,16800
2011-03-04,2.98,2.98,2.98,2.98,-0.38,-1,10000,1,29800
2011-03-07,3.2,3.25,3.25,3.2,0.27,1,30000,5,96850
2011-03-08,3.15,3.4,3.65,3.15,0.15,1,230000,11,752500
2011-03-09,3.5,3.35,3.5,3.35,-0.05,-1,15000,2,51000
2011-03-10,3.6,3.0,3.6,3.0,-0.35,-1,15000,3,48500
2011-03-11,2.1,2.13,2.13,2.1,-0.87,-1,185000,6,388650
2011-03-14,0.0,0.0,0.0,0.0,0.0,0,0,0,0
2011-03-15,2.35,1.33,2.35,1.33,-0.8,-1,34000,2,49300
2011-03-16,2.18,2.18,2.18,2.18,0.85,1,1000,1,2180
2011-03-17,2.6,2.49,2.65,2.49,0.31,1,239000,8,597580
2011-03-18,2.15,2.15,2.15,2.15,-0.34,-1,10000,1,21500
2011-03-21,2.2,1.8,2.2,1.8,-0.35,-1,111000,4,226800
2011-03-22,2.14,2.14,2.14,2.14,0.34,1,1000,1,2140
2011-03-23,0.0,0.0,0.0,0.0,0.0,0,0,0,0
2011-03-24,2.1,1.84,2.1,1.84,-0.3,-1,36000,3,67540
2011-03-25,1.65,1.5,1.65,1.5,-0.34,-1,206000,7,328250
2011-03-28,1.88,1.83,1.88,1.83,0.33,1,20000,3,37350
2011-03-29,0.0,0.0,0.0,0.0,0.0,0,0,0,0
2011-03-30,2.03,2.08,2.08,2.03,0.3,1,38000,4,78040
2011-03-31,0.0,0.0,0.0,0.0,0.0,0,0,0,0
