date,OP,CP,HP,LP,DF,RD,TV,TC,TO
2011-09-20,0.73,0.7,0.74,0.7,-0.19,-1,421000,9,311090
2011-09-21,0.67,0.65,0.67,0.65,-0.05,-1,605000,14,403030
2011-09-22,0.69,0.67,0.69,0.66,0.02,1,279000,19,188060
2011-09-23,0.76,0.83,1.16,0.76,0.16,1,997000,26,804560
2011-09-26,0.82,0.82,0.87,0.81,-0.01,-1,961000,35,797690
2011-09-27,0.8,0.72,0.8,0.7,-0.1,-1,357000,25,263380
2011-09-28,0.68,0.72,0.73,0.68,0.0,0,2230000,61,1590360
2011-09-29,0.8,0.82,0.88,0.75,0.1,1,6635000,269,5342150
2011-09-30,0.88,0.87,0.89,0.77,0.05,1,4799000,229,3993110
2011-10-03,0.98,0.96,1.03,0.96,0.09,1,5598000,208,5506290
2011-10-04,1.06,0.97,1.06,0.97,0.01,1,2404000,96,2375530
2011-10-05,0.93,0.87,0.96,0.84,-0.1,-1,2551000,121,2327680
2011-10-06,0.87,0.89,0.89,0.79,0.02,1,3921000,137,3300350
2011-10-07,0.87,0.83,0.89,0.82,-0.06,-1,3175000,125,2717930
2011-10-11,0.75,0.76,0.78,0.74,-0.07,-1,1571000,87,1196710
2011-10-12,0.76,0.79,0.79,0.75,0.03,1,1627000,73,1251520
2011-10-13,0.78,0.74,0.78,0.71,-0.05,-1,1673000,74,1239670
2011-10-14,0.74,0.74,0.74,0.69,0.0,0,2113000,69,1500430
2011-10-17,0.73,0.71,0.73,0.69,-0.03,-1,1977000,70,1401980
2011-10-18,0.73,0.71,0.74,0.7,0.0,0,1900000,75,1374660
2011-10-19,0.68,0.7,0.71,0.67,-0.01,-1,1259000,66,862020
2011-10-20,0.68,0.68,0.71,0.68,-0.02,-1,1433000,61,996030
2011-10-21,0.69,0.69,0.72,0.68,0.01,1,1342000,64,936230
2011-10-24,0.66,0.63,0.66,0.61,-0.06,-1,2792000,99,1773700
2011-10-25,0.6,0.68,0.73,0.56,0.05,1,5311000,204,3439370
2011-10-26,0.77,0.75,0.8,0.72,0.07,1,6817000,222,5181580
2011-10-27,0.77,0.73,0.8,0.7,-0.02,-1,2945000,108,2203830
2011-10-28,0.62,0.8,0.8,0.62,0.07,1,3857000,128,2911010
2011-10-31,0.8,0.84,0.86,0.76,0.04,1,6099000,196,4982890
2011-11-01,0.86,0.8,0.87,0.79,-0.04,-1,2893000,102,2370500
2011-11-02,0.86,0.74,0.87,0.73,-0.06,-1,2551000,81,2011570
2011-11-03,0.74,0.8,0.8,0.74,0.06,1,1705000,54,1306660
2011-11-04,0.77,0.73,0.77,0.72,-0.07,-1,2211000,69,1633740
2011-11-07,0.82,0.66,0.82,0.63,-0.07,-1,1751000,61,1176630
2011-11-08,0.67,0.71,0.73,0.66,0.05,1,1451000,64,1019950
2011-11-09,0.71,0.75,0.76,0.7,0.04,1,2620000,118,1913450
2011-11-10,0.82,0.76,0.82,0.73,0.01,1,4154000,126,3164890
2011-11-11,0.75,0.75,0.76,0.73,-0.01,-1,2278000,109,1693310
2011-11-14,0.5,0.7,0.73,0.5,-0.05,-1,1892000,59,1316700
2011-11-15,0.69,0.77,0.77,0.67,0.07,1,1781000,65,1268050
2011-11-16,0.76,0.79,0.8,0.74,0.02,1,3496000,108,2718030
2011-11-17,0.83,0.83,0.85,0.81,0.04,1,3426000,106,2848190
2011-11-18,0.85,0.9,0.95,0.84,0.07,1,4596000,167,4057760
2011-11-21,0.8,0.87,0.92,0.8,-0.03,-1,3901000,130,3436510
2011-11-22,0.87,0.96,0.98,0.87,0.09,1,3286000,119,3076950
2011-11-23,0.97,1.17,1.19,0.97,0.21,1,3564000,120,4007190
2011-11-24,1.22,1.32,1.41,1.22,0.15,1,3315000,107,4401460
2011-11-25,1.34,1.52,1.54,1.29,0.2,1,1910000,80,2652330
2011-11-28,1.47,1.23,1.47,1.22,-0.29,-1,715000,31,976500
2011-11-29,1.21,1.17,1.23,1.16,-0.06,-1,943000,34,1122500
2011-11-30,1.17,1.14,1.19,1.1,-0.03,-1,638000,36,729020
2011-12-01,0.9,1.06,1.08,0.9,-0.08,-1,1659000,71,1629770
2011-12-02,1.07,1.09,1.11,1.06,0.03,1,2286000,74,2481190
2011-12-05,1.1,1.12,1.18,1.09,0.03,1,1445000,46,1626180
2011-12-06,1.18,1.41,1.41,1.18,0.29,1,2103000,89,2652440
2011-12-07,1.41,1.34,1.41,1.28,-0.07,-1,3216000,109,4361000
2011-12-08,1.4,1.68,1.68,1.4,0.34,1,915000,66,1474030
2011-12-09,1.78,1.8,1.98,1.67,0.12,1,2612000,145,4663120
2011-12-12,1.87,1.85,1.87,1.77,0.05,1,972000,69,1769620
2011-12-13,1.87,1.81,1.98,1.81,-0.04,-1,803000,76,1538790
2011-12-14,1.76,1.7,1.81,1.7,-0.11,-1,286000,26,504510
2011-12-15,1.75,1.92,1.95,1.74,0.22,1,520000,31,937730
2011-12-16,1.85,1.92,2.05,1.85,0.0,0,194000,17,375030
2011-12-19,1.96,2.16,2.16,1.96,0.24,1,186000,20,394490
2011-12-20,2.08,2.4,2.4,2.08,0.24,1,400000,24,919190
2011-12-21,2.25,2.25,2.25,2.16,-0.15,-1,143000,16,310710
2011-12-22,2.12,2.02,2.12,2.02,-0.23,-1,245000,11,506730
2011-12-23,1.87,1.86,1.9,1.82,-0.16,-1,286000,11,534650
2011-12-26,1.93,1.94,1.94,1.93,0.08,1,60000,4,116000
2011-12-27,1.93,1.97,1.98,1.93,0.03,1,62000,7,121140
2011-12-29,2.0,2.0,2.0,2.0,0.03,1,25000,2,50000
2011-12-30,2.09,2.17,2.17,2.04,0.17,1,36000,7,74370
2012-01-02,2.21,2.24,2.24,2.21,0.07,1,135000,6,299850
2012-01-03,2.24,2.24,2.24,2.24,0.0,0,10000,1,22400
2012-01-05,2.15,2.15,2.15,2.15,-0.07,-1,10000,1,21500
2012-01-06,2.12,2.17,2.17,2.12,0.02,1,14000,2,30130
2012-01-09,2.43,2.43,2.43,2.43,0.26,1,28000,3,68040
2012-01-10,2.45,2.57,2.57,2.45,0.14,1,42000,3,106460
2012-01-11,2.47,2.46,2.49,2.37,-0.11,-1,70000,6,171700
2012-01-12,2.51,2.51,2.51,2.51,0.05,1,10000,1,25100
2012-01-13,2.42,2.53,2.53,2.42,0.02,1,11000,2,26730
2012-01-16,2.39,2.48,2.48,2.39,-0.05,-1,51000,2,121980
2012-02-01,1.92,1.92,1.92,1.92,-0.01,-1,10000,1,19200
2012-02-04,1.56,1.74,1.74,1.56,-0.03,-1,11000,2,17340
2012-02-10,1.64,1.74,1.74,1.64,0.08,1,16000,2,26340
2012-02-14,2.0,2.04,2.09,2.0,0.25,1,44000,6,89760
2012-02-15,2.08,2.07,2.14,2.07,0.03,1,42000,5,88200
2012-02-16,1.95,1.98,1.98,1.95,-0.09,-1,12000,2,23580
2012-02-23,1.64,1.64,1.64,1.64,0.03,1,2000,1,3280
2012-02-24,1.55,1.54,1.55,1.54,-0.1,-1,2000,2,3090
2012-03-01,1.67,1.67,1.67,1.67,0.0,0,2000,1,3340
2012-03-06,1.69,1.74,1.74,1.69,0.09,1,39000,6,67460
2012-03-12,1.72,1.72,1.72,1.72,-0.1,-1,10000,1,17200
2012-03-15,1.63,1.63,1.63,1.63,-0.1,-1,16000,2,26080
2017-07-21,0.78,0.77,0.78,0.77,0.01,1,443000,4,341890
2017-07-24,0.73,0.81,0.81,0.73,0.04,1,676000,12,525490
2017-07-25,0.8,0.83,0.84,0.77,0.02,1,650000,10,516840
2017-07-26,0.78,0.68,0.78,0.6,-0.15,-1,152000,5,115890
2017-07-27,0.75,0.75,0.75,0.74,0.07,1,409000,3,305260
2017-07-28,0.69,0.81,0.82,0.68,0.06,1,1027000,16,778860
2017-07-31,0.77,0.83,0.87,0.77,0.02,1,803000,12,659190
2017-08-01,0.76,0.79,0.79,0.76,-0.04,-1,217000,4,168430
2017-08-02,0.81,0.8,0.83,0.8,0.01,1,276000,9,227920
2017-08-03,0.83,0.84,0.86,0.83,0.04,1,655000,10,554150
2017-08-04,0.78,0.84,0.84,0.78,0.0,0,482000,12,383940
2017-08-07,0.82,0.83,0.83,0.82,-0.01,-1,165000,3,135320
2017-08-08,0.85,0.68,0.85,0.68,-0.15,-1,491000,7,372950
2017-08-09,0.7,0.83,0.83,0.69,0.15,1,1741000,23,1362190
2017-08-10,0.82,0.93,0.97,0.78,0.1,1,2228000,32,1939420
2017-08-11,0.88,0.88,0.88,0.84,-0.05,-1,792000,11,680890
2017-08-14,0.9,0.91,0.92,0.87,0.03,1,581000,12,527040
2017-08-15,0.77,0.77,0.81,0.76,-0.14,-1,1027000,13,801580
2017-08-16,0.83,0.84,0.84,0.82,0.07,1,345000,4,283500
2017-08-17,0.78,0.78,0.79,0.78,-0.06,-1,370000,3,289100
2017-08-18,0.83,0.83,0.83,0.82,0.05,1,135000,4,111550
2017-08-21,0.83,0.86,0.86,0.83,0.03,1,101000,4,85830
2017-08-22,0.79,0.79,0.79,0.79,-0.07,-1,40000,2,31600
2017-08-23,0.8,0.82,0.82,0.8,0.03,1,1086000,15,879660
2017-08-24,0.81,0.76,0.81,0.74,-0.06,-1,826000,9,646740
2017-08-25,0.77,0.77,0.77,0.77,0.01,1,20000,2,15400
2017-08-29,0.75,0.75,0.75,0.75,0.01,1,10000,1,7500
2017-08-31,0.78,0.8,0.8,0.78,0.05,1,367000,8,291300
2017-09-01,0.72,0.69,0.72,0.69,-0.11,-1,367000,7,261570
2017-09-04,0.75,0.76,0.76,0.75,0.07,1,140000,2,105200
2017-09-05,0.76,0.74,0.76,0.74,-0.02,-1,140000,2,104000
2017-09-06,0.71,0.77,0.77,0.71,0.03,1,137000,2,104290
2017-09-07,0.8,1.02,1.04,0.8,0.25,1,1637000,29,1467110
2017-09-08,0.98,0.98,0.99,0.94,-0.04,-1,1283000,20,1257050
2017-09-11,1.0,1.18,1.18,1.0,0.2,1,1965000,22,2078550
2017-09-12,1.12,1.17,1.28,1.12,-0.01,-1,1765000,37,2135020
