date,OP,CP,HP,LP,DF,RD,TV,TC,TO
2011-02-16,0.0,0.0,0.0,0.0,0.0,0,0,0,0
2011-02-17,0.61,0.62,0.63,0.61,-0.19,-1,141000,6,86730
2011-02-18,0.66,0.76,0.8,0.66,0.14,1,818000,21,613260
2011-02-21,0.79,0.89,0.93,0.74,0.13,1,2313000,39,1892120
2011-02-22,0.9,0.89,0.91,0.81,0.0,0,2864000,92,2463540
2011-02-23,0.84,0.7,0.84,0.7,-0.19,-1,3118000,59,2344660
2011-02-24,0.65,0.72,0.72,0.57,0.02,1,3144000,68,2067730
2011-02-25,0.73,0.64,0.74,0.64,-0.08,-1,5202000,107,3566570
2011-03-01,0.66,0.73,0.77,0.66,0.09,1,2054000,61,1480480
2011-03-02,0.72,0.63,0.72,0.63,-0.1,-1,1535000,48,1032990
2011-03-03,0.69,0.7,0.72,0.63,0.07,1,2100000,55,1416150
2011-03-04,0.7,0.66,0.72,0.66,-0.04,-1,1237000,30,858940
2011-03-07,0.69,0.85,0.91,0.69,0.19,1,1455000,51,1183710
2011-03-08,0.9,1.01,1.07,0.85,0.16,1,2753000,107,2715020
2011-03-09,1.05,1.05,1.14,1.01,0.04,1,1269000,52,1363820
2011-03-10,1.08,1.09,1.18,1.03,0.04,1,514000,27,554910
2011-03-11,1.03,0.96,1.03,0.89,-0.13,-1,576000,20,543070
2011-03-14,0.9,0.82,0.94,0.75,-0.14,-1,1155000,37,927320
2011-03-15,0.8,0.74,0.85,0.61,-0.08,-1,831000,31,586480
2011-03-16,0.77,0.73,0.78,0.69,-0.01,-1,359000,15,271220
2011-03-17,0.62,0.6,0.68,0.6,-0.13,-1,462000,14,287210
2011-03-18,0.69,0.8,0.8,0.69,0.2,1,440000,20,323040
2011-03-21,0.82,0.8,0.82,0.77,0.0,0,571000,21,450370
2011-03-22,0.82,0.82,0.9,0.82,0.02,1,479000,14,414990
2011-03-23,0.85,0.82,0.85,0.82,0.0,0,74000,7,60760
2011-03-24,0.84,0.79,0.85,0.79,-0.03,-1,194000,11,157730
2011-03-25,0.8,0.68,0.8,0.68,-0.11,-1,652000,22,459660
2011-03-28,0.66,0.64,0.67,0.64,-0.04,-1,30000,3,19700
2011-03-29,0.6,0.56,0.6,0.53,-0.08,-1,615000,21,352910
2011-03-30,0.56,0.58,0.6,0.56,0.02,1,121000,14,70970
2011-03-31,0.63,0.6,0.64,0.6,0.02,1,86000,10,52290
2011-04-01,0.61,0.6,0.63,0.6,0.0,0,60000,7,36750
2011-04-06,0.62,0.62,0.67,0.62,0.02,1,55000,6,34600
2011-04-07,0.63,0.65,0.65,0.63,0.03,1,67000,8,42730
2011-04-08,0.62,0.57,0.62,0.54,-0.08,-1,369000,16,207030
2011-04-11,0.54,0.44,0.54,0.41,-0.13,-1,959000,23,452310
2011-04-12,0.35,0.36,0.38,0.35,-0.08,-1,763000,17,278150
2011-04-13,0.33,0.27,0.33,0.25,-0.09,-1,938000,28,265740
2011-04-14,0.3,0.33,0.33,0.29,0.06,1,764000,23,237070
2011-04-15,0.34,0.3,0.34,0.3,-0.03,-1,609000,16,194340
2011-04-18,0.29,0.25,0.3,0.25,-0.05,-1,448000,12,121880
2011-04-19,0.2,0.22,0.23,0.2,-0.03,-1,1086000,24,229580
2011-04-20,0.24,0.24,0.24,0.23,0.02,1,244000,5,57570
2011-04-21,0.24,0.31,0.31,0.24,0.07,1,786000,21,221580
2011-04-22,0.3,0.27,0.3,0.27,-0.04,-1,408000,11,111100
2011-04-25,0.3,0.3,0.3,0.3,0.03,1,1000,1,300
2011-04-26,0.28,0.26,0.29,0.26,-0.04,-1,321000,9,84530
2011-04-27,0.35,0.36,0.38,0.33,0.1,1,507000,23,175130
2011-04-28,0.36,0.32,0.37,0.31,-0.04,-1,782000,33,261450
2011-04-29,0.48,0.26,0.48,0.24,-0.06,-1,405000,23,109350
2011-05-03,0.24,0.26,0.29,0.21,0.0,0,760000,18,192830
2011-05-04,0.25,0.35,0.38,0.25,0.09,1,1062000,43,326290
2011-05-05,0.32,0.33,0.35,0.3,-0.02,-1,850000,32,274130
2011-05-06,0.35,0.35,0.37,0.33,0.02,1,363000,29,129140
2011-05-09,0.37,0.34,0.37,0.34,-0.01,-1,315000,17,108880
2011-05-10,0.34,0.31,0.36,0.31,-0.03,-1,265000,19,85900
2011-05-11,0.31,0.27,0.31,0.27,-0.04,-1,956000,18,268530
2011-05-12,0.31,0.34,0.37,0.31,0.07,1,179000,9,61840
2011-05-13,0.35,0.33,0.36,0.33,-0.01,-1,265000,12,93050
2011-05-16,0.31,0.28,0.31,0.28,-0.05,-1,144000,8,42420
2011-05-17,0.28,0.26,0.28,0.26,-0.02,-1,105000,9,27950
2011-05-18,0.27,0.27,0.27,0.25,0.01,1,376000,12,97290
2011-05-19,0.3,0.31,0.31,0.3,0.04,1,51000,2,15310
2011-05-20,0.24,0.19,0.24,0.18,-0.12,-1,830000,29,176860
2011-05-23,0.17,0.15,0.17,0.13,-0.04,-1,429000,10,61040
2011-05-24,0.19,0.21,0.21,0.18,0.06,1,252000,14,48100
2011-05-25,0.2,0.17,0.2,0.17,-0.04,-1,25000,3,4700
2011-05-26,0.17,0.19,0.2,0.17,0.02,1,80000,8,15100
2011-05-27,0.19,0.23,0.23,0.19,0.04,1,22000,4,4240
2011-05-30,0.2,0.2,0.21,0.2,-0.03,-1,218000,5,43700
2011-05-31,0.2,0.22,0.22,0.2,0.02,1,96000,2,19220
2011-06-01,0.24,0.22,0.24,0.22,0.0,0,60000,2,13400
2011-06-02,0.18,0.18,0.18,0.18,-0.04,-1,20000,1,3600
2011-06-03,0.18,0.38,0.38,0.18,0.2,1,360000,11,84420
2011-06-07,0.31,0.29,0.31,0.29,-0.09,-1,11000,3,3210
2011-06-08,0.32,0.3,0.32,0.3,0.01,1,189000,10,58400
2011-06-09,0.27,0.27,0.27,0.27,-0.03,-1,40000,1,10800
2011-06-10,0.24,0.22,0.24,0.22,-0.05,-1,192000,2,44220
2011-06-13,0.0,0.0,0.0,0.0,0.0,0,0,0,0
2011-06-14,0.2,0.2,0.2,0.2,-0.02,-1,112000,1,22400
2011-06-15,0.27,0.34,0.4,0.26,0.14,1,587000,22,174030
2011-06-16,0.33,0.36,0.37,0.3,0.02,1,509000,11,170170
2011-06-17,0.29,0.23,0.29,0.23,-0.13,-1,225000,4,56950
2011-06-20,0.24,0.14,0.24,0.14,-0.09,-1,756000,9,135420
2011-06-21,0.16,0.12,0.16,0.12,-0.02,-1,317000,4,42000
2011-06-22,0.16,0.16,0.18,0.16,0.04,1,190000,4,30600
2011-06-23,0.13,0.15,0.15,0.13,-0.01,-1,8000,2,1060
2011-06-24,0.43,0.14,0.43,0.14,-0.01,-1,2000,2,570
2011-06-27,0.17,0.19,0.2,0.17,0.05,1,41000,3,7970
2011-06-28,0.2,0.17,0.2,0.17,-0.02,-1,40000,2,7400
2011-06-29,0.16,0.16,0.16,0.16,-0.01,-1,20000,1,3200
2011-06-30,0.17,0.17,0.17,0.17,0.01,1,20000,1,3400
2011-07-01,0.21,0.21,0.21,0.21,0.04,1,168000,3,35280
2011-07-04,0.2,0.2,0.2,0.2,-0.01,-1,76000,1,15200
2011-07-05,0.17,0.17,0.17,0.17,-0.03,-1,1000,1,170
2011-07-06,0.21,0.2,0.21,0.2,0.03,1,109000,2,22790
2011-07-07,0.16,0.12,0.16,0.12,-0.08,-1,135000,4,17100
2011-07-08,0.11,0.11,0.11,0.11,-0.01,-1,11000,2,1210
2011-07-11,0.0,0.0,0.0,0.0,0.0,0,0,0,0
2011-07-12,0.0,0.0,0.0,0.0,0.0,0,0,0,0
2011-07-13,0.0,0.0,0.0,0.0,0.0,0,0,0,0
2011-07-14,0.0,0.0,0.0,0.0,0.0,0,0,0,0
2011-07-15,0.0,0.0,0.0,0.0,0.0,0,0,0,0
2011-07-18,0.01,0.01,0.01,0.01,-0.02,-1,268000,3,2680
2011-07-19,0.01,0.01,0.01,0.01,0.0,0,70000,1,700
2011-07-20,0.01,0.01,0.01,0.01,0.0,0,50000,2,500
2011-07-21,0.01,0.01,0.01,0.01,0.0,0,130000,2,1300
2011-07-22,0.0,0.0,0.0,0.0,0.0,0,0,0,0
2011-07-25,0.01,0.01,0.01,0.01,0.0,0,173000,2,1730
2011-07-26,0.01,0.01,0.01,0.01,0.0,0,10000,1,100
2011-07-27,0.01,0.01,0.01,0.01,0.0,0,41000,2,410
2011-07-28,0.0,0.0,0.0,0.0,0.0,0,0,0,0
2011-07-29,0.01,0.01,0.01,0.01,0.0,0,88000,2,880
2011-08-01,0.0,0.0,0.0,0.0,0.0,0,0,0,0
2011-08-02,0.0,0.0,0.0,0.0,0.0,0,0,0,0
2011-08-03,0.0,0.0,0.0,0.0,0.0,0,0,0,0
2011-08-04,0.0,0.0,0.0,0.0,0.0,0,0,0,0
2011-08-05,0.0,0.0,0.0,0.0,0.0,0,0,0,0
2011-08-08,0.0,0.0,0.0,0.0,0.0,0,0,0,0
2011-08-09,0.0,0.0,0.0,0.0,0.0,0,0,0,0
2011-08-10,0.01,0.01,0.01,0.01,0.0,0,84000,1,840
2011-08-11,0.0,0.0,0.0,0.0,0.0,0,0,0,0
