date,OP,CP,HP,LP,DF,RD,TV,TC,TO
2011-06-20,0.89,1.0,1.2,0.89,0.11,1,1063000,49,1061440
2011-06-21,1.0,0.91,1.0,0.81,-0.09,-1,1278000,56,1130410
2011-06-22,0.91,0.98,1.04,0.84,0.07,1,741000,51,705790
2011-06-23,0.94,0.92,0.95,0.9,-0.06,-1,696000,26,643300
2011-06-24,0.86,0.94,0.96,0.86,0.02,1,877000,24,803420
2011-06-27,0.96,1.26,1.33,0.9,0.32,1,1013000,80,1153880
2011-06-28,1.27,1.23,1.35,1.23,-0.03,-1,1644000,94,2074010
2011-06-29,1.28,1.3,1.38,1.24,0.07,1,1390000,91,1819970
2011-06-30,1.5,1.24,1.5,1.23,-0.06,-1,817000,51,1063170
2011-07-01,1.28,1.3,1.4,1.25,0.06,1,523000,28,681800
2011-07-04,1.4,1.68,1.69,1.4,0.38,1,1252000,86,1857610
2011-07-05,1.68,1.74,1.82,1.53,0.06,1,1827000,119,3044650
2011-07-06,1.81,1.74,1.81,1.64,0.0,0,692000,32,1184610
2011-07-07,1.78,1.73,1.82,1.67,-0.01,-1,1954000,84,3398100
2011-07-08,1.78,1.86,1.86,1.64,0.13,1,1614000,74,2810690
2011-07-11,1.88,2.03,2.09,1.88,0.17,1,2298000,110,4531400
2011-07-12,1.91,1.56,1.91,1.56,-0.47,-1,1083000,42,1858020
2011-07-13,1.51,1.41,1.56,1.32,-0.15,-1,675000,29,1013390
2011-07-14,1.46,1.41,1.47,1.32,0.0,0,1020000,30,1445690
2011-07-15,1.42,1.41,1.46,1.4,0.0,0,276000,14,393210
2011-07-18,1.38,1.34,1.42,1.34,-0.07,-1,308000,12,426160
2011-07-19,1.3,1.78,1.78,1.3,0.44,1,157000,16,266450
2011-07-20,1.88,1.82,1.95,1.8,0.04,1,492000,31,907200
2011-07-21,1.87,1.95,2.02,1.87,0.13,1,462000,31,912700
2011-07-22,2.1,2.0,2.11,2.0,0.05,1,640000,26,1305730
2011-07-25,2.0,1.89,2.0,1.89,-0.11,-1,142000,9,283000
2011-07-26,1.83,1.84,1.91,1.83,-0.05,-1,200000,12,372240
2011-07-27,1.85,1.85,2.01,1.85,0.01,1,241000,13,458050
2011-07-28,1.78,1.68,1.78,1.68,-0.17,-1,68000,8,119290
2011-07-29,1.72,1.71,1.72,1.58,0.03,1,138000,8,229070
2011-08-01,1.78,1.74,1.78,1.73,0.03,1,57000,7,99920
2011-08-02,1.94,1.85,1.97,1.85,0.11,1,150000,14,285210
2011-08-03,1.79,1.83,1.83,1.7,-0.02,-1,89000,11,157930
2011-08-04,1.98,1.81,1.98,1.33,-0.02,-1,97000,13,177000
2011-08-05,1.44,1.4,1.44,1.4,-0.41,-1,12000,2,17200
2011-08-08,1.25,1.11,1.25,1.11,-0.29,-1,104000,6,125190
2011-08-09,0.68,1.03,1.03,0.68,-0.08,-1,85000,8,78000
2011-08-10,1.15,1.17,1.21,1.15,0.14,1,329000,10,389230
2011-08-11,1.09,1.09,1.11,1.04,-0.08,-1,358000,12,392320
2011-08-12,1.26,1.14,1.31,1.14,0.05,1,390000,15,484980
2011-08-15,1.2,1.16,1.2,1.1,0.02,1,150000,6,173840
2011-08-16,1.2,1.13,1.2,1.13,-0.03,-1,59000,7,68670
2011-08-17,1.03,0.83,1.03,0.83,-0.3,-1,78000,6,71940
2011-08-18,0.82,0.9,0.94,0.82,0.07,1,32000,7,28520
2011-08-19,0.74,0.73,0.74,0.73,-0.17,-1,60000,2,44300
2011-08-22,0.67,0.47,0.67,0.47,-0.26,-1,232000,6,111340
2011-08-23,0.46,0.59,0.59,0.46,0.12,1,123000,8,62730
2011-08-24,0.67,0.62,0.71,0.62,0.03,1,123000,11,78280
2011-08-25,0.55,0.47,0.55,0.4,-0.15,-1,181000,16,84560
2011-08-26,0.41,0.45,0.45,0.34,-0.02,-1,188000,7,71850
2011-08-29,0.49,0.46,0.49,0.45,0.01,1,105000,5,47700
2011-08-30,0.45,0.39,0.45,0.39,-0.07,-1,19000,5,7740
2011-08-31,0.39,0.68,0.68,0.39,0.29,1,57000,8,28990
2011-09-01,0.62,0.59,0.62,0.57,-0.09,-1,76000,5,46720
2011-09-02,0.56,0.57,0.6,0.52,-0.02,-1,98000,6,56960
2011-09-05,0.48,0.45,0.48,0.45,-0.12,-1,25000,2,11700
2011-09-06,0.5,0.42,0.5,0.42,-0.03,-1,130000,5,55900
2011-09-07,0.47,0.46,0.47,0.46,0.04,1,25000,3,11700
2011-09-08,0.45,0.49,0.49,0.45,0.03,1,6000,2,2900
2011-09-09,0.0,0.0,0.0,0.0,0.0,0,0,0,0
2011-09-13,0.41,0.38,0.41,0.38,-0.1,-1,25000,3,9800
2011-09-14,0.34,0.34,0.34,0.34,-0.04,-1,10000,1,3400
2011-09-15,0.28,0.28,0.28,0.28,-0.06,-1,90000,4,25200
2011-09-16,0.26,0.35,0.35,0.26,0.07,1,216000,7,58750
2011-09-19,0.34,0.37,0.37,0.34,0.02,1,80000,3,28650
2011-09-20,0.3,0.36,0.36,0.3,-0.01,-1,121000,6,38660
2011-09-21,0.38,0.39,0.42,0.38,0.03,1,45000,3,17850
2011-09-22,0.24,0.31,0.31,0.24,-0.08,-1,20000,2,5500
2011-09-23,0.0,0.0,0.0,0.0,0.0,0,0,0,0
2011-09-26,0.22,0.14,0.22,0.14,-0.09,-1,45000,3,7900
2011-09-27,0.0,0.0,0.0,0.0,0.0,0,0,0,0
2011-09-28,0.0,0.0,0.0,0.0,0.0,0,0,0,0
2011-09-29,0.3,0.3,0.3,0.3,0.14,1,5000,2,1500
2011-09-30,0.0,0.0,0.0,0.0,0.0,0,0,0,0
2011-10-03,0.18,0.18,0.18,0.18,-0.04,-1,15000,1,2700
2011-10-04,0.0,0.0,0.0,0.0,0.0,0,0,0,0
2011-10-05,0.15,0.17,0.18,0.15,0.0,0,144000,3,24850
2011-10-06,0.0,0.0,0.0,0.0,0.0,0,0,0,0
2011-10-07,0.0,0.0,0.0,0.0,0.0,0,0,0,0
2011-10-11,0.0,0.0,0.0,0.0,0.0,0,0,0,0
2011-10-12,0.14,0.15,0.15,0.14,0.01,1,81000,5,11500
2011-10-13,0.1,0.15,0.15,0.1,0.0,0,25000,2,3000
2011-10-14,0.0,0.0,0.0,0.0,0.0,0,0,0,0
2011-10-17,0.14,0.14,0.14,0.14,0.01,1,100000,3,14000
2011-10-18,0.0,0.0,0.0,0.0,0.0,0,0,0,0
2011-10-19,0.0,0.0,0.0,0.0,0.0,0,0,0,0
2011-10-20,0.0,0.0,0.0,0.0,0.0,0,0,0,0
2011-10-21,0.0,0.0,0.0,0.0,0.0,0,0,0,0
2011-10-24,0.0,0.0,0.0,0.0,0.0,0,0,0,0
2011-10-25,0.0,0.0,0.0,0.0,0.0,0,0,0,0
2011-10-26,0.0,0.0,0.0,0.0,0.0,0,0,0,0
2011-10-27,0.0,0.0,0.0,0.0,0.0,0,0,0,0
2011-10-28,0.02,0.02,0.02,0.02,-0.06,-1,50000,2,1000
2011-10-31,0.0,0.0,0.0,0.0,0.0,0,0,0,0
2011-11-01,0.0,0.0,0.0,0.0,0.0,0,0,0,0
2011-11-02,0.0,0.0,0.0,0.0,0.0,0,0,0,0
2011-11-03,0.0,0.0,0.0,0.0,0.0,0,0,0,0
2011-11-04,0.0,0.0,0.0,0.0,0.0,0,0,0,0
2011-11-07,0.0,0.0,0.0,0.0,0.0,0,0,0,0
2011-11-08,0.0,0.0,0.0,0.0,0.0,0,0,0,0
2011-11-09,0.0,0.0,0.0,0.0,0.0,0,0,0,0
2011-11-10,0.01,0.01,0.01,0.01,-0.01,-1,10000,1,100
2011-11-11,0.01,0.01,0.01,0.01,0.0,0,20000,2,200
2011-11-18,0.01,0.01,0.01,0.01,0.0,0,15000,2,150
