date,OP,CP,HP,LP,DF,RD,TV,TC,TO
2012-01-09,1.12,1.1,1.12,1.1,0.07,1,45000,2,50000
2012-01-10,0.99,1.0,1.0,0.99,-0.1,-1,45000,2,44750
2012-01-11,1.19,1.21,1.21,1.19,0.21,1,35000,4,41850
2012-01-12,1.21,1.21,1.25,1.21,0.0,0,49000,5,60000
2012-01-13,1.19,1.29,1.3,1.19,0.08,1,107000,10,132900
2012-01-16,1.24,1.26,1.31,1.23,-0.03,-1,120000,10,152350
2012-01-17,1.3,1.26,1.31,1.26,0.0,0,105000,8,135250
2012-01-18,1.32,1.24,1.32,1.24,-0.02,-1,27000,3,34280
2012-01-31,1.37,1.44,1.52,1.37,0.16,1,64000,9,90670
2012-02-01,1.42,1.49,1.54,1.42,0.05,1,83000,9,124470
2012-02-02,1.61,1.69,1.8,1.6,0.2,1,136000,14,228400
2012-02-03,1.81,1.92,1.99,1.78,0.23,1,59000,7,110020
2012-02-04,2.06,2.07,2.24,2.06,0.15,1,136000,22,291870
2012-02-06,2.01,1.89,2.01,1.84,-0.18,-1,50000,7,97750
2012-02-07,1.8,1.77,1.81,1.77,-0.12,-1,49000,4,87370
2012-02-08,1.82,1.9,1.92,1.82,0.13,1,172000,11,324080
2012-02-09,1.93,1.96,2.02,1.91,0.06,1,179000,5,346510
2012-02-10,2.11,2.1,2.21,2.02,0.14,1,332000,17,688680
2012-02-13,2.01,1.97,2.05,1.97,-0.13,-1,378000,12,765270
2012-02-14,2.1,2.17,2.21,2.1,0.2,1,170000,10,360320
2012-02-15,2.04,2.1,2.1,2.04,-0.07,-1,109000,6,228100
2012-02-16,2.11,2.09,2.11,2.09,-0.01,-1,108000,3,225800
2012-02-17,1.92,1.75,1.92,1.7,-0.34,-1,221000,12,413250
2012-02-20,1.79,1.83,1.83,1.79,0.08,1,73000,3,133390
2012-02-21,1.84,1.83,1.84,1.83,0.0,0,220000,4,403590
2012-02-22,1.83,1.83,1.88,1.83,0.0,0,131000,5,240780
2012-02-23,1.81,2.03,2.03,1.81,0.2,1,266000,12,499650
2012-02-24,2.01,1.89,2.01,1.89,-0.14,-1,111000,5,221360
2012-03-01,1.95,1.94,1.95,1.94,0.16,1,30000,3,58300
2012-03-02,1.95,2.07,2.07,1.89,0.13,1,234000,7,454890
2012-03-03,2.11,2.07,2.11,2.02,0.0,0,311000,10,641810
2012-03-05,2.24,2.09,2.24,2.09,0.02,1,136000,11,297790
2012-03-06,2.03,1.96,2.03,1.9,-0.13,-1,125000,9,244920
2012-03-07,1.92,1.91,1.95,1.9,-0.05,-1,81000,8,155490
2012-03-08,2.07,2.3,2.3,2.01,0.39,1,152000,13,316350
2012-03-09,2.7,2.65,2.74,2.45,0.35,1,144000,21,367670
2012-03-12,3.05,3.08,3.13,3.05,0.43,1,40000,9,123480
2012-03-13,3.08,2.88,3.08,2.88,-0.2,-1,125000,12,367940
2012-03-14,3.1,3.02,3.1,3.0,0.14,1,41000,4,123500
2012-03-15,3.1,3.04,3.1,3.01,0.02,1,59000,6,179240
2012-03-16,3.04,2.99,3.12,2.99,-0.05,-1,42000,8,127580
2012-03-19,3.12,2.94,3.12,2.94,-0.05,-1,25000,4,74940
2012-03-20,2.8,2.65,2.8,2.65,-0.29,-1,30000,4,80110
2012-03-21,2.64,2.45,2.64,2.45,-0.2,-1,17000,3,42790
2012-03-22,2.68,2.64,2.68,2.64,0.19,1,5000,2,13280
2012-03-23,2.64,2.63,2.7,2.63,-0.01,-1,55000,5,145500
2012-03-26,2.62,2.71,2.77,2.62,0.08,1,63000,5,168500
2012-03-27,2.75,2.66,2.75,2.66,-0.05,-1,38000,2,101980
2012-03-28,2.84,3.0,3.0,2.84,0.34,1,35000,5,103450
2012-03-29,2.97,3.04,3.04,2.97,0.04,1,8000,3,23830
2012-03-30,2.91,3.38,3.38,2.91,0.34,1,130000,6,418860
2012-04-02,3.42,3.37,3.42,3.37,-0.01,-1,6000,2,20470
2012-04-03,2.85,2.85,2.86,2.85,-0.52,-1,90000,5,256600
2012-04-05,2.36,2.44,2.5,2.36,-0.41,-1,16000,3,39020
2012-04-06,2.57,2.76,2.77,2.57,0.32,1,32000,6,85460
2012-04-09,2.83,3.03,3.03,2.83,0.27,1,63000,5,188690
2012-04-10,3.2,3.14,3.2,3.14,0.11,1,66000,3,210600
2012-04-11,3.04,3.04,3.04,3.04,-0.1,-1,20000,1,60800
2012-04-12,2.99,2.92,2.99,2.92,-0.12,-1,12000,2,35180
2012-04-16,2.76,2.76,2.76,2.76,-0.15,-1,50000,1,138000
2012-04-17,2.73,2.65,2.73,2.48,-0.11,-1,12000,3,31360
2012-04-18,2.53,2.48,2.53,2.48,-0.17,-1,21000,3,52490
2012-04-19,2.28,2.48,2.52,2.28,0.0,0,32000,5,79750
2012-04-20,2.55,2.45,2.55,2.45,-0.03,-1,7000,2,17650
2012-04-23,2.22,2.07,2.22,2.07,-0.38,-1,30000,2,65100
2012-04-25,2.31,2.5,2.5,2.31,0.41,1,13000,2,31930
2012-04-26,2.45,2.37,2.45,2.37,-0.13,-1,6000,2,14460
2012-04-27,2.12,2.01,2.12,2.01,-0.36,-1,33000,3,69470
2012-04-30,1.65,1.65,1.65,1.65,-0.36,-1,1000,1,1650
2012-05-02,1.57,1.74,1.74,1.57,0.09,1,7000,2,12010
2012-05-03,1.71,1.61,1.71,1.61,-0.13,-1,117000,7,198520
2012-05-04,1.6,1.67,1.67,1.56,0.06,1,111000,3,176300
2012-05-07,1.73,1.73,1.73,1.73,0.06,1,10000,1,17300
2012-05-08,1.7,1.7,1.7,1.7,-0.03,-1,10000,1,17000
2012-05-10,1.49,1.32,1.49,1.32,-0.35,-1,2000,2,2810
2012-05-11,1.1,1.04,1.1,1.04,-0.28,-1,3000,3,3190
2012-05-14,1.04,1.0,1.04,1.0,-0.04,-1,82000,3,82340
2012-05-15,0.89,1.04,1.04,0.89,0.04,1,88000,5,83130
2012-05-16,1.04,0.94,1.04,0.94,-0.1,-1,36000,2,36840
2012-05-17,0.89,0.93,0.93,0.89,-0.01,-1,298000,5,277100
2012-05-18,0.78,0.69,0.78,0.69,-0.24,-1,347000,7,257850
2012-05-22,0.77,0.79,0.82,0.75,0.09,1,289000,10,231930
2012-05-23,0.73,0.66,0.73,0.66,-0.13,-1,339000,7,238880
2012-05-24,0.73,0.66,0.73,0.66,0.0,0,61000,2,40960
2012-05-25,0.7,0.67,0.7,0.67,0.01,1,202000,5,137870
2012-05-28,0.62,0.55,0.62,0.55,-0.12,-1,145000,8,86930
2012-05-29,0.6,0.84,0.84,0.6,0.29,1,115000,5,73600
2012-05-30,0.78,0.77,0.78,0.77,-0.07,-1,58000,2,44740
2012-05-31,0.66,0.66,0.66,0.66,-0.11,-1,60000,2,39600
2012-06-01,0.79,0.75,0.85,0.75,0.09,1,121000,14,98920
2012-06-04,0.52,0.5,0.52,0.49,-0.25,-1,199000,11,101460
2012-06-05,0.57,0.54,0.62,0.54,0.04,1,359000,10,203160
2012-06-06,0.54,0.56,0.58,0.54,0.02,1,55000,4,30400
2012-06-07,0.64,0.56,0.64,0.56,0.0,0,205000,8,125240
2012-06-08,0.53,0.53,0.57,0.53,-0.03,-1,129000,4,70410
2012-06-11,0.5,0.47,0.5,0.47,-0.06,-1,19000,3,9350
2012-06-12,0.43,0.38,0.43,0.38,-0.09,-1,343000,10,137140
2012-06-13,0.42,0.42,0.42,0.42,0.04,1,14000,1,5880
2012-06-14,0.4,0.44,0.48,0.4,0.02,1,209000,13,94070
2012-06-15,0.44,0.45,0.47,0.44,0.01,1,213000,12,95350
2012-06-18,0.49,0.56,0.56,0.49,0.11,1,115000,5,62150
2012-06-19,0.52,0.49,0.52,0.49,-0.07,-1,161000,12,81450
2012-06-20,0.53,0.51,0.53,0.5,0.02,1,215000,7,109350
2012-06-21,0.48,0.45,0.5,0.45,-0.06,-1,207000,11,98360
2012-06-22,0.43,0.5,0.54,0.43,0.05,1,235000,15,118700
2012-06-25,0.48,0.45,0.5,0.45,-0.05,-1,84000,12,39540
2012-06-26,0.45,0.4,0.46,0.4,-0.05,-1,104000,11,44520
2012-06-27,0.42,0.41,0.44,0.41,0.01,1,295000,11,125900
2012-06-28,0.46,0.41,0.46,0.41,0.0,0,157000,8,67870
2012-06-29,0.43,0.44,0.47,0.43,0.03,1,171000,12,76730
2012-07-02,0.49,0.59,0.59,0.49,0.15,1,490000,20,254900
2012-07-03,0.65,0.62,0.67,0.6,0.03,1,428000,15,272380
2012-07-04,0.63,0.6,0.67,0.58,-0.02,-1,350000,15,215360
2012-07-05,0.59,0.55,0.59,0.55,-0.05,-1,400000,12,223850
2012-07-06,0.51,0.5,0.51,0.48,-0.05,-1,100000,3,49500
2012-07-09,0.49,0.51,0.55,0.49,0.01,1,310000,10,161100
2012-07-10,0.53,0.47,0.53,0.47,-0.04,-1,315000,11,161070
2012-07-11,0.48,0.48,0.48,0.48,0.01,1,60000,1,28800
2012-07-12,0.47,0.38,0.47,0.37,-0.1,-1,86000,5,36640
2012-07-13,0.38,0.33,0.38,0.33,-0.05,-1,15000,2,5200
2012-07-16,0.33,0.33,0.33,0.33,0.0,0,10000,1,3300
2012-07-17,0.32,0.29,0.32,0.29,-0.04,-1,515000,9,159400
2012-07-18,0.28,0.28,0.28,0.28,-0.01,-1,7000,1,1960
2012-07-19,0.3,0.31,0.31,0.3,0.03,1,25000,3,7700
2012-07-20,0.3,0.3,0.3,0.3,-0.01,-1,5000,1,1500
2012-07-23,0.25,0.24,0.26,0.24,-0.06,-1,80000,5,20200
2012-07-24,0.24,0.26,0.26,0.24,0.02,1,505000,6,121400
2012-07-25,0.29,0.29,0.29,0.29,0.03,1,20000,2,5800
2012-07-27,0.3,0.3,0.3,0.3,0.01,1,50000,1,15000
2012-07-30,0.3,0.3,0.3,0.3,0.0,0,198000,2,59400
2012-07-31,0.29,0.29,0.29,0.29,-0.01,-1,198000,2,57420
2012-08-03,0.27,0.27,0.27,0.26,-0.02,-1,229000,5,61330
2012-08-06,0.27,0.23,0.27,0.23,-0.04,-1,102000,2,23580
2012-08-07,0.24,0.22,0.24,0.22,-0.01,-1,208000,3,47840
2012-08-08,0.23,0.22,0.23,0.22,0.0,0,204000,3,46860
2012-08-09,0.23,0.46,0.47,0.23,0.24,1,348000,8,103700
2012-08-10,0.4,0.43,0.43,0.38,-0.03,-1,341000,8,137340
2012-08-13,0.41,0.36,0.41,0.36,-0.07,-1,168000,5,64420
2012-08-14,0.4,0.35,0.4,0.35,-0.01,-1,92000,5,35050
2012-08-15,0.38,0.37,0.39,0.37,0.02,1,693000,7,263340
2012-08-16,0.4,0.53,0.53,0.39,0.16,1,245000,6,107630
2012-08-17,0.62,0.58,0.64,0.58,0.05,1,17000,3,10620
2012-08-21,0.68,0.82,0.82,0.68,0.34,1,18000,5,13920
2012-08-22,0.72,0.67,0.72,0.67,-0.15,-1,18000,3,12440
2012-08-28,0.21,0.19,0.21,0.19,-0.17,-1,68000,3,14120
2012-08-29,0.26,0.26,0.26,0.26,0.07,1,9000,1,2340
2012-08-30,0.21,0.21,0.21,0.21,-0.05,-1,120000,2,25200
