date,OP,CP,HP,LP,DF,RD,TV,TC,TO
2012-02-09,1.21,1.2,1.24,1.15,0.08,1,548000,14,663920
2012-02-10,1.36,1.3,1.36,1.26,0.1,1,151000,6,200160
2012-02-13,1.2,1.11,1.2,1.07,-0.19,-1,509000,9,553280
2012-02-15,1.17,1.17,1.17,1.17,0.0,0,10000,1,11700
2012-02-16,1.25,1.23,1.25,1.23,0.06,1,20000,2,24800
2012-02-21,1.37,1.42,1.42,1.3,0.25,1,135000,9,183000
2012-02-22,1.53,1.88,1.88,1.53,0.46,1,116000,6,186480
2012-02-23,1.67,1.71,1.71,1.67,-0.17,-1,20000,2,33800
2012-02-24,1.52,1.59,1.59,1.52,-0.12,-1,45000,2,69800
2012-02-29,1.41,1.41,1.41,1.41,-0.18,-1,10000,1,14100
2012-03-01,1.57,1.57,1.57,1.57,0.16,1,10000,1,15700
2012-03-02,1.51,1.64,1.64,1.51,0.07,1,28000,4,43840
2012-03-03,1.7,1.71,1.71,1.7,0.07,1,10000,2,17090
2012-03-06,1.45,1.22,1.45,1.22,-0.23,-1,15000,2,19450
2012-03-07,1.18,1.18,1.18,1.18,-0.04,-1,40000,2,47200
2012-03-08,1.23,1.28,1.29,1.23,0.1,1,100000,3,124100
2012-03-09,1.33,1.45,1.45,1.33,0.17,1,100000,5,135200
2012-03-12,1.42,1.41,1.42,1.41,-0.04,-1,35000,3,49550
2012-03-14,1.23,1.21,1.29,1.2,0.0,0,92000,5,115720
2012-03-15,1.33,1.29,1.38,1.29,0.08,1,163000,8,216570
2012-03-16,1.38,1.47,1.47,1.38,0.18,1,353000,17,510920
2012-03-19,1.46,1.33,1.47,1.33,-0.14,-1,179000,5,250030
2012-03-20,1.35,1.29,1.35,1.29,-0.04,-1,60000,4,78600
2012-03-21,1.31,1.24,1.31,1.22,-0.05,-1,44000,4,54650
2012-03-22,1.18,1.18,1.18,1.18,-0.06,-1,88000,1,103840
2012-03-23,1.19,1.17,1.22,1.17,-0.01,-1,169000,27,204290
2012-03-26,1.17,1.15,1.2,1.15,-0.02,-1,180000,6,211700
2012-03-27,1.14,1.0,1.14,1.0,-0.15,-1,234000,13,256380
2012-03-28,1.0,1.04,1.04,1.0,0.04,1,210000,5,213200
2012-03-29,0.98,0.86,0.98,0.83,-0.18,-1,165000,5,155100
2012-03-30,0.72,0.73,0.73,0.72,-0.13,-1,20000,2,14500
2012-04-02,0.75,0.73,0.78,0.73,0.0,0,125000,6,94500
2012-04-03,0.63,0.59,0.65,0.58,-0.14,-1,83000,8,50670
2012-04-05,0.44,0.49,0.49,0.42,-0.1,-1,78000,5,34820
2012-04-09,0.63,0.67,0.67,0.63,0.03,1,35000,2,22250
2012-04-10,0.83,0.75,0.83,0.75,0.08,1,60000,2,47400
2012-04-11,0.82,0.78,0.82,0.78,0.03,1,60000,2,48000
2012-04-12,0.78,0.78,0.78,0.78,0.0,0,1000,1,780
2012-04-13,0.95,0.95,0.95,0.95,0.17,1,5000,2,4750
2012-04-16,0.98,0.98,0.98,0.98,0.03,1,40000,2,39200
2012-04-17,0.79,0.79,0.79,0.79,-0.19,-1,50000,1,39500
2012-04-18,0.8,0.74,0.8,0.72,-0.05,-1,82000,8,62720
2012-04-19,0.66,0.58,0.66,0.56,-0.16,-1,190000,9,112050
2012-04-20,0.62,0.52,0.62,0.52,-0.06,-1,100000,4,57500
2012-04-23,0.46,0.41,0.46,0.41,-0.11,-1,85000,4,36600
2012-04-24,0.4,0.39,0.4,0.37,-0.02,-1,97000,6,36390
2012-04-25,0.43,0.48,0.48,0.43,0.09,1,51000,2,21980
2012-04-26,0.51,0.51,0.51,0.5,0.03,1,70000,4,35350
2012-04-27,0.41,0.36,0.41,0.36,-0.15,-1,60000,3,23300
2012-04-30,0.28,0.28,0.28,0.28,-0.08,-1,20000,1,5600
2012-05-02,0.34,0.34,0.34,0.34,0.06,1,1000,1,340
2012-05-03,0.4,0.4,0.4,0.4,0.06,1,70000,1,28000
2012-05-04,0.45,0.45,0.45,0.45,0.05,1,10000,1,4500
2012-05-07,0.39,0.39,0.39,0.39,-0.06,-1,1000,1,390
2012-05-10,0.41,0.37,0.41,0.37,0.01,1,61000,3,23000
2012-05-11,0.32,0.31,0.32,0.31,-0.06,-1,35000,2,11150
2012-05-15,0.27,0.27,0.27,0.27,0.02,1,5000,1,1350
2012-05-16,0.24,0.23,0.24,0.23,-0.04,-1,6000,2,1430
2012-05-17,0.25,0.26,0.26,0.25,0.03,1,55000,2,13800
2012-05-18,0.23,0.22,0.23,0.22,-0.04,-1,21000,2,4720
2012-05-21,0.18,0.14,0.18,0.14,-0.08,-1,205000,6,33610
2012-05-22,0.18,0.23,0.23,0.18,0.09,1,295000,6,55650
2012-05-23,0.22,0.23,0.24,0.22,0.0,0,186000,4,41260
2012-05-24,0.22,0.2,0.22,0.2,-0.03,-1,23000,2,4640
2012-05-28,0.16,0.16,0.16,0.16,0.0,0,20000,1,3200
2012-05-29,0.25,0.25,0.25,0.25,0.09,1,1000,1,250
2012-05-30,0.26,0.26,0.28,0.26,0.01,1,199000,5,53230
2012-05-31,0.24,0.24,0.24,0.24,-0.02,-1,15000,2,3600
2012-06-05,0.12,0.12,0.12,0.12,0.03,1,20000,1,2400
2012-06-13,0.12,0.11,0.12,0.11,0.01,1,110000,3,12200
2012-06-14,0.12,0.12,0.12,0.12,0.01,1,238000,3,28560
2012-06-18,0.14,0.13,0.14,0.13,0.01,1,139000,3,19260
2012-06-22,0.09,0.09,0.09,0.09,-0.01,-1,139000,2,12510
2012-07-10,0.05,0.05,0.05,0.05,-0.01,-1,5000,1,250
2012-07-24,0.01,0.01,0.01,0.01,-0.01,-1,1000,1,10
2012-07-27,0.01,0.01,0.01,0.01,0.0,0,1000,1,10
2012-07-30,0.01,0.01,0.01,0.01,0.0,0,1000,1,10
2012-07-31,0.01,0.01,0.01,0.01,0.0,0,1000,1,10
