date,OP,CP,HP,LP,DF,RD,TV,TC,TO
2012-06-04,0.65,0.66,0.66,0.65,-0.17,-1,555000,8,360800
2012-06-05,0.73,0.72,0.73,0.71,0.06,1,540000,9,383850
2012-06-06,0.86,0.88,0.88,0.83,0.16,1,589000,22,500600
2012-06-07,0.92,0.86,0.94,0.86,-0.02,-1,925000,30,833710
2012-06-08,0.85,0.84,0.86,0.84,-0.02,-1,182000,7,154230
2012-06-11,0.88,0.88,0.91,0.87,0.04,1,102000,7,90350
2012-06-12,0.84,0.85,0.85,0.84,-0.03,-1,37000,5,31380
2012-06-13,0.87,0.83,0.87,0.82,-0.02,-1,35000,4,29300
2012-06-14,0.83,0.83,0.83,0.83,0.0,0,5000,1,4150
2012-06-15,0.89,0.94,0.94,0.89,0.11,1,10000,2,9150
2012-06-18,1.03,1.04,1.09,1.01,0.1,1,85000,5,88650
2012-06-19,1.03,1.03,1.03,1.0,-0.01,-1,114000,7,115730
2012-06-20,1.07,1.04,1.14,1.04,0.01,1,358000,10,387990
2012-06-21,1.01,0.98,1.01,0.98,-0.06,-1,218000,4,219880
2012-06-22,0.94,0.95,0.97,0.94,-0.03,-1,1052000,14,1018380
2012-06-25,0.98,0.92,1.01,0.92,-0.03,-1,145000,8,137800
2012-06-26,0.91,0.91,0.91,0.91,-0.01,-1,5000,1,4550
2012-06-27,0.97,0.98,0.98,0.97,0.07,1,11000,2,10770
2012-06-29,0.99,0.99,1.0,0.97,0.03,1,284000,11,281260
2012-07-02,1.01,1.06,1.06,1.01,0.07,1,329000,7,335620
2012-07-03,1.06,1.01,1.06,1.01,-0.05,-1,1123000,16,1136830
2012-07-04,1.01,1.04,1.04,1.0,0.03,1,334000,9,345130
2012-07-05,1.04,1.02,1.04,1.02,-0.02,-1,418000,8,430360
2012-07-06,0.97,0.92,0.99,0.92,-0.1,-1,204000,6,193510
2012-07-09,0.91,0.9,0.92,0.9,-0.02,-1,46000,3,41630
2012-07-11,0.86,0.92,0.92,0.86,0.02,1,24000,2,21780
2012-07-12,0.87,0.87,0.87,0.87,-0.05,-1,5000,1,4350
2012-07-13,0.85,0.85,0.85,0.85,-0.02,-1,10000,1,8500
2012-07-17,0.77,0.77,0.77,0.77,-0.06,-1,5000,1,3850
2012-07-19,0.78,0.8,0.81,0.78,0.04,1,35000,3,28100
2012-07-20,0.8,0.84,0.84,0.8,0.04,1,551000,8,451730
2012-07-23,0.71,0.7,0.72,0.7,-0.14,-1,620000,14,439740
2012-07-24,0.66,0.68,0.68,0.64,-0.02,-1,197000,7,128820
2012-07-25,0.61,0.65,0.67,0.61,-0.03,-1,89000,5,57950
2012-07-26,0.66,0.63,0.66,0.63,-0.02,-1,235000,5,150040
2012-07-27,0.65,0.7,0.7,0.65,0.07,1,223000,10,154460
2012-07-30,0.73,0.68,0.73,0.68,-0.02,-1,15000,2,10450
2012-07-31,0.59,0.56,0.59,0.53,-0.12,-1,239000,11,132760
2012-08-01,0.54,0.63,0.65,0.54,0.07,1,538000,27,319360
2012-08-03,0.54,0.6,0.6,0.54,-0.03,-1,259000,12,146440
2012-08-06,0.6,0.62,0.62,0.58,0.02,1,33000,6,19520
2012-08-07,0.65,0.65,0.66,0.65,0.03,1,144000,5,94410
2012-08-08,0.64,0.68,0.68,0.64,0.03,1,199000,7,129860
2012-08-09,0.68,0.81,0.81,0.68,0.13,1,249000,19,182590
2012-08-10,0.8,0.81,0.83,0.79,0.0,0,261000,13,211910
2012-08-13,0.76,0.76,0.76,0.76,-0.05,-1,50000,5,38000
2012-08-14,0.76,0.77,0.82,0.76,0.01,1,103000,4,81260
2012-08-15,0.78,0.77,0.78,0.77,0.0,0,162000,3,125370
2012-08-16,0.78,0.8,0.8,0.78,0.03,1,9000,2,7120
2012-08-17,0.81,0.81,0.81,0.81,0.01,1,15000,1,12150
2012-08-20,0.73,0.71,0.73,0.71,-0.1,-1,45000,3,32250
2012-08-22,0.69,0.69,0.69,0.69,-0.03,-1,5000,1,3450
2012-08-23,0.72,0.74,0.74,0.72,0.05,1,45000,3,32900
2012-08-24,0.69,0.71,0.71,0.67,-0.03,-1,125000,6,85800
2012-08-27,0.65,0.65,0.65,0.64,-0.06,-1,60000,6,38700
2012-08-30,0.61,0.62,0.63,0.61,0.01,1,70000,4,43700
2012-08-31,0.59,0.59,0.59,0.59,-0.03,-1,6000,1,3540
2012-09-03,0.62,0.65,0.65,0.62,0.06,1,80000,2,50500
2012-09-04,0.68,0.67,0.68,0.67,0.02,1,160000,4,108700
2012-09-05,0.64,0.68,0.68,0.64,0.01,1,30000,2,20000
2012-09-06,0.56,0.5,0.56,0.5,-0.18,-1,140000,9,74450
2012-09-07,0.52,0.53,0.53,0.52,0.03,1,155000,4,80650
2012-09-10,0.5,0.5,0.5,0.5,-0.03,-1,23000,2,11500
2012-09-11,0.45,0.45,0.45,0.45,-0.05,-1,90000,1,40500
2012-09-12,0.47,0.51,0.51,0.47,0.06,1,60000,6,29470
2012-09-14,0.51,0.51,0.51,0.5,0.02,1,255000,5,129550
2012-09-17,0.54,0.54,0.54,0.54,0.03,1,4000,1,2160
2012-09-18,0.55,0.55,0.55,0.55,0.01,1,160000,2,88000
2012-09-25,0.41,0.42,0.42,0.41,-0.03,-1,175000,4,71850
2012-09-27,0.39,0.38,0.39,0.38,0.01,1,60000,4,23100
2012-09-28,0.37,0.37,0.37,0.37,-0.01,-1,324000,4,119880
2012-10-01,0.39,0.39,0.39,0.39,0.02,1,1000,1,390
2012-10-02,0.37,0.4,0.4,0.37,0.01,1,52000,3,19280
2012-10-04,0.36,0.35,0.36,0.35,-0.03,-1,330000,5,115560
2012-10-08,0.23,0.21,0.23,0.21,-0.13,-1,52000,4,11260
2012-10-09,0.14,0.13,0.14,0.13,-0.08,-1,412000,7,54610
2012-10-11,0.12,0.13,0.13,0.12,0.0,0,40000,3,5000
2012-10-12,0.13,0.12,0.13,0.12,-0.01,-1,110000,3,13850
2012-10-17,0.11,0.13,0.13,0.11,0.0,0,30000,2,3700
2012-10-18,0.13,0.13,0.13,0.13,0.0,0,60000,3,7800
2012-10-19,0.09,0.09,0.09,0.09,-0.04,-1,40000,3,3600
2012-10-22,0.07,0.07,0.07,0.07,-0.02,-1,99000,1,6930
2012-10-23,0.07,0.07,0.07,0.07,0.0,0,61000,1,4270
2012-10-24,0.07,0.07,0.07,0.07,0.0,0,99000,1,6930
