date,OP,CP,HP,LP,DF,RD,TV,TC,TO
2012-06-15,0.74,0.74,0.74,0.74,0.02,1,165000,3,122100
2012-06-18,0.86,0.93,0.94,0.86,0.19,1,3200000,42,2908680
2012-06-19,0.95,0.97,1.03,0.94,0.04,1,4180000,62,4008280
2012-06-20,1.0,1.09,1.09,0.98,0.12,1,1332000,18,1384370
2012-06-21,1.04,1.04,1.11,1.04,-0.05,-1,689000,15,748030
2012-06-22,1.02,1.07,1.07,1.02,0.03,1,954000,13,983000
2012-06-25,1.07,1.09,1.09,1.04,0.02,1,180000,7,192310
2012-06-26,1.06,0.98,1.07,0.96,-0.11,-1,932000,20,963880
2012-06-27,1.01,1.02,1.02,1.01,0.04,1,7000,2,7080
2012-06-28,1.04,1.0,1.04,1.0,-0.02,-1,201000,3,201120
2012-06-29,1.01,1.01,1.02,1.01,0.01,1,480000,8,486780
2012-07-02,1.04,1.09,1.09,1.03,0.08,1,975000,19,1044920
2012-07-03,1.1,1.07,1.1,1.07,-0.02,-1,758000,13,833680
2012-07-04,1.14,1.14,1.24,1.14,0.07,1,641000,13,772810
2012-07-05,1.14,1.14,1.14,1.14,0.0,0,20000,2,22800
2012-07-06,1.11,1.08,1.11,1.08,-0.06,-1,703000,8,775550
2012-07-09,1.06,1.0,1.06,1.0,-0.08,-1,11000,2,11060
2012-07-10,1.0,0.89,1.03,0.89,-0.11,-1,148000,6,148940
2012-07-11,0.91,0.91,0.91,0.91,0.02,1,1000,1,910
2012-07-12,0.89,0.88,0.89,0.88,-0.03,-1,20000,2,17700
2012-07-17,0.91,0.91,0.91,0.91,0.03,1,10000,1,9100
2012-07-19,1.03,1.03,1.03,1.03,0.11,1,1000,1,1030
2012-07-23,1.04,1.07,1.07,1.04,0.04,1,25000,3,26310
2012-07-24,1.03,0.98,1.03,0.98,-0.09,-1,11000,2,11080
2012-07-25,1.07,1.08,1.08,1.07,0.1,1,17000,2,18340
2012-07-26,1.06,1.06,1.06,1.06,-0.02,-1,3000,1,3180
2012-07-27,1.08,1.17,1.17,1.08,0.11,1,16000,2,17370
2012-07-30,1.22,1.18,1.22,1.18,0.01,1,117000,5,138100
2012-07-31,1.16,1.18,1.18,1.16,0.0,0,11000,2,12960
2012-08-06,1.19,1.18,1.2,1.18,0.02,1,839000,12,1001570
2012-08-07,1.21,1.24,1.24,1.21,0.06,1,396000,4,485100
2012-08-08,1.37,1.38,1.4,1.34,0.14,1,1189000,14,1625720
2012-08-09,1.37,1.49,1.49,1.37,0.11,1,517000,10,713180
2012-08-10,1.47,1.45,1.47,1.45,-0.04,-1,203000,4,294450
2012-08-13,1.64,1.55,1.64,1.54,0.1,1,1342000,16,2159950
2012-08-14,1.49,1.4,1.49,1.4,-0.15,-1,303000,6,451280
2012-08-15,1.44,1.38,1.44,1.38,-0.02,-1,372000,6,533580
2012-08-16,1.48,1.52,1.52,1.48,0.14,1,595000,9,892500
2012-08-17,1.5,1.48,1.5,1.48,-0.04,-1,331000,7,496400
2012-08-21,1.5,1.48,1.5,1.48,0.07,1,594000,3,888920
2012-08-23,1.47,1.45,1.47,1.45,-0.03,-1,792000,12,1160280
2012-08-24,1.47,1.56,1.56,1.47,0.11,1,421000,8,655760
2012-08-27,1.57,1.57,1.57,1.57,0.01,1,198000,2,310860
2012-08-28,1.44,1.44,1.46,1.44,-0.13,-1,200000,3,288020
2012-08-29,1.46,1.44,1.46,1.44,0.0,0,20000,2,29000
2012-08-30,1.41,1.52,1.52,1.41,0.08,1,121000,4,177830
2012-08-31,1.54,1.56,1.56,1.54,0.04,1,2000,2,3100
2012-09-03,1.56,1.56,1.56,1.56,0.0,0,5000,1,7800
2012-09-04,1.69,1.69,1.69,1.69,0.13,1,10000,1,16900
2012-09-14,1.56,1.56,1.56,1.56,0.04,1,5000,1,7800
2012-09-19,1.57,1.57,1.57,1.57,0.0,0,2000,1,3140
2012-09-20,1.63,1.63,1.63,1.63,0.06,1,3000,1,4890
2012-09-24,1.63,1.63,1.63,1.63,0.0,0,3000,1,4890
2012-09-25,1.86,1.83,1.87,1.83,0.2,1,594000,8,1099850
2012-09-26,1.93,1.91,1.93,1.88,0.08,1,596000,9,1128840
2012-09-27,1.89,1.89,1.89,1.89,-0.02,-1,2000,1,3780
2012-09-28,2.02,2.02,2.02,2.02,0.13,1,2000,1,4040
2012-10-01,2.0,2.0,2.0,2.0,-0.02,-1,10000,1,20000
2012-10-03,1.71,1.66,1.71,1.66,-0.1,-1,2000,2,3370
2012-10-04,1.73,1.73,1.73,1.73,0.07,1,10000,1,17300
2012-10-08,1.73,1.68,1.73,1.68,-0.05,-1,12000,2,20260
2012-10-11,1.24,1.24,1.24,1.24,-0.26,-1,10000,1,12400
2012-10-23,1.38,1.33,1.38,1.33,0.04,1,4000,2,5420
2012-10-30,0.67,0.66,0.67,0.66,0.03,1,4000,2,2660
2012-11-06,0.68,0.68,0.68,0.68,0.02,1,1000,1,680
2012-11-07,0.79,0.79,0.79,0.79,0.11,1,3000,2,2370
2012-11-19,0.65,0.65,0.65,0.65,-0.08,-1,1000,1,650
2012-11-20,0.68,0.68,0.68,0.68,0.03,1,4000,2,2720
2012-11-21,0.61,0.61,0.61,0.61,-0.07,-1,1000,1,610
2012-11-22,0.64,0.64,0.64,0.64,0.03,1,2000,1,1280
2012-11-23,0.81,0.81,0.81,0.81,0.17,1,40000,1,32400
2012-11-27,0.93,1.03,1.03,0.93,0.17,1,25000,2,24750
2012-11-29,0.95,0.95,0.95,0.95,0.03,1,10000,1,9500
2012-11-30,0.97,0.91,0.97,0.91,-0.04,-1,35000,3,32600
2012-12-03,0.92,0.92,0.92,0.92,0.01,1,10000,1,9200
2012-12-07,0.97,0.97,0.97,0.97,-0.02,-1,4000,2,3880
