date,OP,CP,HP,LP,DF,RD,TV,TC,TO
2012-12-26,1.78,1.74,1.78,1.74,-0.08,-1,2000,2,3520
2012-12-27,1.77,1.72,1.77,1.72,-0.02,-1,12000,2,21140
2012-12-28,1.86,1.83,1.86,1.83,0.11,1,14000,3,26010
2013-01-02,1.77,1.77,1.77,1.77,-0.06,-1,1000,1,1770
2013-01-03,2.0,1.95,2.0,1.9,0.18,1,77000,4,148000
2013-01-04,2.08,2.16,2.16,2.08,0.21,1,165000,4,348200
2013-01-07,2.58,2.83,2.9,2.58,0.67,1,106000,5,300780
2013-01-08,2.75,2.83,2.83,2.75,0.0,0,14000,3,39300
2013-01-09,3.3,2.97,3.3,2.97,0.14,1,90000,9,275500
2013-01-10,3.36,3.06,3.5,3.06,0.09,1,140000,8,459700
2013-01-11,3.14,3.12,3.22,3.12,0.06,1,90000,6,283200
2013-01-14,3.05,2.98,3.05,2.98,-0.14,-1,100000,6,303300
2013-01-15,3.4,3.15,3.5,3.14,0.17,1,256000,15,854590
2013-01-16,3.19,3.01,3.19,2.99,-0.14,-1,160000,7,494700
2013-01-17,3.23,2.81,3.24,2.77,-0.2,-1,450000,11,1400600
2013-01-18,2.59,2.54,2.59,2.49,-0.27,-1,100000,5,254600
2013-01-21,2.76,2.78,2.79,2.69,0.24,1,120000,6,328800
2013-01-22,2.91,2.7,2.91,2.7,-0.08,-1,5000,3,13870
2013-01-23,2.74,2.68,2.74,2.68,-0.02,-1,21000,2,56340
2013-01-24,2.76,2.68,2.76,2.68,0.0,0,40000,2,108800
2013-01-25,2.55,2.18,2.55,2.18,-0.5,-1,48000,7,116600
2013-01-28,2.28,2.23,2.28,2.12,0.05,1,45000,6,98390
2013-01-29,2.22,2.42,2.47,2.22,0.19,1,439000,14,1051190
2013-01-30,2.52,2.6,2.64,2.5,0.18,1,341000,25,867300
2013-01-31,2.54,2.67,2.68,2.54,0.07,1,125000,5,334650
2013-02-01,2.6,2.44,2.65,2.41,-0.23,-1,215000,9,556960
2013-02-04,2.54,2.51,2.54,2.51,0.07,1,22000,2,55280
2013-02-05,2.46,2.41,2.46,2.4,-0.1,-1,89000,5,215870
2013-02-06,2.43,2.43,2.43,2.43,0.02,1,4000,1,9720
2013-02-18,2.61,2.74,2.85,2.61,0.31,1,204000,14,561160
2013-02-19,2.61,2.8,2.87,2.61,0.06,1,201000,13,561070
2013-02-20,2.81,3.09,3.14,2.81,0.29,1,300000,12,911140
2013-02-21,3.1,2.88,3.1,2.88,-0.21,-1,122000,6,366800
2013-02-22,2.68,2.67,2.68,2.64,-0.21,-1,144000,3,381710
2013-02-25,2.55,2.66,2.66,2.55,0.14,1,61000,2,157750
2013-02-26,2.79,2.76,2.79,2.76,0.1,1,70000,2,195000
2013-02-27,2.62,2.62,2.62,2.62,-0.14,-1,30000,2,78600
2013-03-01,2.8,2.8,2.8,2.8,0.18,1,10000,1,28000
2013-03-04,2.68,2.65,2.77,2.65,-0.15,-1,55000,5,147750
2013-03-05,2.68,2.88,2.88,2.68,0.23,1,16000,3,44980
2013-03-06,3.24,3.27,3.27,3.2,0.39,1,122000,8,394440
2013-03-07,3.38,3.26,3.38,3.26,-0.01,-1,81000,3,267780
2013-03-08,3.23,3.21,3.26,3.21,-0.05,-1,50000,3,162200
2013-03-11,3.74,3.74,3.79,3.74,0.53,1,30000,3,112700
2013-03-12,3.53,3.53,3.53,3.53,-0.21,-1,25000,2,88250
2013-03-13,2.95,2.95,2.95,2.95,-0.58,-1,10000,1,29500
2013-03-14,2.81,2.81,2.81,2.81,-0.14,-1,20000,1,56200
2013-03-15,2.76,2.76,2.76,2.76,-0.05,-1,10000,1,27600
2013-03-18,2.42,2.42,2.42,2.42,-0.34,-1,3000,1,7260
2013-03-19,2.37,2.37,2.37,2.37,-0.05,-1,2000,1,4740
2013-03-20,2.41,2.34,2.41,2.34,-0.03,-1,17000,3,40770
2013-03-27,2.34,2.34,2.34,2.34,0.27,1,10000,1,23400
2013-03-28,2.07,2.06,2.07,2.06,-0.28,-1,20000,2,41300
2013-03-29,2.15,2.15,2.15,2.15,0.09,1,4000,1,8600
2013-04-01,2.35,2.35,2.35,2.35,0.2,1,10000,1,23500
2013-04-02,2.55,2.5,2.55,2.5,0.15,1,11000,2,27550
2013-04-09,2.11,2.01,2.11,2.01,-0.27,-1,20000,2,41200
2013-04-10,2.26,2.21,2.26,2.21,0.2,1,70000,2,157200
2013-04-11,2.2,2.19,2.2,2.16,-0.02,-1,209000,6,457900
2013-04-12,2.2,2.2,2.21,2.2,0.01,1,79000,4,173990
2013-04-15,2.18,2.14,2.22,2.14,-0.06,-1,199000,4,436220
2013-04-16,1.83,1.72,1.83,1.72,-0.42,-1,229000,8,405770
2013-04-17,1.78,1.75,1.79,1.75,0.03,1,112000,4,199700
2013-04-18,1.54,1.54,1.54,1.54,-0.21,-1,40000,1,61600
2013-04-25,1.9,1.9,1.9,1.9,0.16,1,5000,1,9500
2013-04-26,2.02,2.02,2.02,2.02,0.12,1,10000,1,20200
2013-04-29,2.04,2.17,2.17,2.04,0.15,1,11000,2,22570
2013-05-09,3.2,3.2,3.2,3.2,0.52,1,2000,1,6400
2013-05-22,2.98,2.98,2.98,2.98,-0.09,-1,5000,1,14900
2013-06-10,2.02,2.02,2.02,2.02,-0.09,-1,1000,1,2020
2013-06-18,1.78,1.81,1.81,1.78,0.26,1,30000,3,54000
2013-06-20,1.44,1.44,1.44,1.44,-0.14,-1,30000,1,43200
2013-06-21,1.18,1.19,1.19,1.18,-0.25,-1,70000,2,83100
