date,OP,CP,HP,LP,DF,RD,TV,TC,TO
2013-10-23,0.89,0.89,0.9,0.89,0.02,1,164000,5,146210
2013-10-24,0.86,0.85,0.86,0.85,-0.04,-1,65000,3,55500
2013-10-25,0.85,0.85,0.85,0.85,0.0,0,99000,1,84150
2013-10-29,0.77,0.77,0.77,0.77,-0.05,-1,77000,1,59290
2013-10-30,0.77,0.71,0.77,0.66,-0.06,-1,251000,4,179080
2013-10-31,0.75,0.75,0.75,0.75,0.04,1,75000,1,56250
2013-11-04,0.58,0.58,0.58,0.58,-0.06,-1,123000,2,71340
2013-11-05,0.65,0.63,0.65,0.63,0.05,1,198000,2,126720
2013-11-07,0.57,0.59,0.61,0.57,0.03,1,174000,5,103250
2013-11-08,0.55,0.57,0.6,0.55,-0.02,-1,499000,11,290670
2013-11-11,0.59,0.57,0.59,0.57,0.0,0,261000,7,148830
2013-11-14,0.63,0.61,0.63,0.61,0.1,1,54000,5,33260
2013-11-15,0.55,0.55,0.55,0.55,-0.06,-1,20000,2,11000
2013-11-18,0.58,0.58,0.58,0.58,0.03,1,198000,3,114840
2013-11-19,0.55,0.54,0.55,0.54,-0.04,-1,183000,7,98920
2013-11-20,0.52,0.53,0.53,0.52,-0.01,-1,110000,3,58200
2013-11-21,0.48,0.49,0.51,0.48,-0.04,-1,246000,7,121530
2013-11-22,0.49,0.49,0.49,0.49,0.0,0,110000,4,53900
2013-11-25,0.46,0.47,0.47,0.44,-0.02,-1,841000,20,376310
2013-11-26,0.47,0.52,0.58,0.45,0.05,1,1675000,26,830590
2013-11-27,0.53,0.55,0.57,0.49,0.03,1,2814000,36,1466910
2013-11-28,0.52,0.48,0.53,0.48,-0.07,-1,2180000,32,1086940
2013-11-29,0.47,0.48,0.51,0.47,0.0,0,704000,11,345390
2013-12-02,0.51,0.58,0.59,0.5,0.1,1,1337000,23,697490
2013-12-03,0.6,0.6,0.64,0.54,0.02,1,1266000,27,745870
2013-12-04,0.57,0.69,0.69,0.56,0.09,1,1758000,19,1051170
2013-12-05,0.75,0.77,0.79,0.71,0.08,1,2475000,39,1853630
2013-12-06,0.69,0.71,0.77,0.68,-0.06,-1,2052000,40,1464880
2013-12-09,0.72,0.67,0.8,0.66,-0.04,-1,1982000,42,1490530
2013-12-10,0.65,0.61,0.65,0.6,-0.06,-1,784000,16,475680
2013-12-11,0.63,0.63,0.63,0.57,0.02,1,1664000,37,989210
2013-12-12,0.54,0.58,0.65,0.53,-0.05,-1,1532000,41,900210
2013-12-13,0.6,0.62,0.64,0.59,0.04,1,1127000,22,704800
2013-12-16,0.61,0.58,0.61,0.57,-0.04,-1,750000,11,442950
2013-12-17,0.62,0.62,0.71,0.62,0.04,1,1124000,20,748320
2013-12-18,0.64,0.62,0.65,0.62,0.0,0,1221000,21,774980
2013-12-19,0.65,0.59,0.65,0.59,-0.03,-1,663000,14,401500
2013-12-20,0.61,0.62,0.65,0.61,0.03,1,1091000,23,674310
2013-12-23,0.63,0.61,0.63,0.61,-0.01,-1,296000,8,183240
2013-12-24,0.63,0.66,0.67,0.63,0.05,1,617000,22,404640
2013-12-25,0.72,0.75,0.76,0.71,0.09,1,776000,20,566750
2013-12-26,0.8,0.85,0.85,0.75,0.1,1,807000,26,657110
2013-12-27,0.9,0.94,0.96,0.87,0.09,1,897000,22,827590
2013-12-30,0.87,0.86,0.87,0.86,-0.08,-1,293000,7,253580
2013-12-31,0.86,0.79,0.86,0.79,-0.07,-1,411000,12,333010
2014-01-02,0.81,0.85,0.91,0.81,0.06,1,367000,12,303990
2014-01-03,0.83,0.85,0.88,0.81,0.0,0,432000,14,361960
2014-01-06,0.92,0.9,0.96,0.88,0.05,1,319000,11,291380
2014-01-07,0.89,0.94,0.98,0.83,0.04,1,1588000,38,1378330
2014-01-08,0.99,0.94,1.03,0.91,0.0,0,1337000,44,1311570
2014-01-09,0.89,0.85,0.89,0.83,-0.09,-1,557000,18,481890
2014-01-10,0.88,0.87,0.88,0.86,0.02,1,449000,16,391580
2014-01-13,0.91,0.91,0.94,0.9,0.04,1,864000,17,797060
2014-01-14,0.9,0.88,0.93,0.85,-0.03,-1,630000,21,566840
2014-01-15,0.82,0.8,0.86,0.8,-0.08,-1,182000,5,150940
2014-01-16,0.8,0.78,0.82,0.78,-0.02,-1,187000,6,149220
2014-01-17,0.74,0.64,0.74,0.64,-0.14,-1,260000,8,180700
2014-01-20,0.64,0.67,0.67,0.64,0.03,1,45000,3,29400
2014-01-21,0.63,0.66,0.66,0.63,-0.01,-1,301000,12,192430
2014-01-22,0.73,0.71,0.73,0.71,0.05,1,345000,7,247950
2014-01-23,0.61,0.62,0.62,0.61,-0.09,-1,60000,3,36900
2014-01-24,0.6,0.59,0.61,0.59,-0.03,-1,131000,5,78800
2014-02-07,0.55,0.55,0.58,0.55,0.06,1,218000,15,124960
2014-02-10,0.49,0.45,0.49,0.45,-0.1,-1,135000,4,63650
2014-02-11,0.49,0.49,0.5,0.47,0.04,1,402000,11,194470
2014-02-12,0.54,0.5,0.54,0.49,0.01,1,219000,11,112070
2014-02-13,0.88,0.5,0.88,0.45,0.0,0,317000,13,147960
2014-02-14,0.55,0.49,0.56,0.49,-0.01,-1,875000,29,475020
2014-02-17,0.62,0.4,0.62,0.4,-0.09,-1,466000,14,198690
2014-02-18,0.59,0.41,0.59,0.39,0.01,1,381000,17,152940
2014-02-19,0.59,0.4,0.59,0.39,-0.01,-1,448000,17,180670
2014-02-20,0.55,0.41,0.55,0.4,0.01,1,1260000,35,537510
2014-02-21,0.54,0.48,0.58,0.46,0.07,1,567000,20,265980
2014-02-24,0.57,0.49,0.57,0.47,0.01,1,372000,18,185570
2014-02-25,0.59,0.62,0.71,0.58,0.13,1,1168000,41,731510
2014-02-26,0.72,0.55,0.72,0.55,-0.07,-1,602000,23,362900
2014-02-27,0.64,0.54,0.65,0.54,-0.01,-1,219000,12,125470
2014-03-03,0.68,0.46,0.68,0.45,-0.08,-1,623000,21,281630
2014-03-04,0.64,0.41,0.64,0.41,-0.05,-1,91000,4,38140
2014-03-05,0.58,0.88,0.88,0.58,0.47,1,2000,2,1460
2014-03-06,0.66,0.5,0.88,0.47,-0.38,-1,198000,16,98290
2014-03-07,0.67,0.41,0.67,0.41,-0.09,-1,468000,14,210830
2014-03-10,0.59,0.34,0.59,0.34,-0.07,-1,196000,10,67390
2014-03-11,0.5,0.33,0.57,0.31,-0.01,-1,201000,12,64660
2014-03-12,0.5,0.33,0.54,0.32,0.0,0,785000,26,255930
2014-03-13,0.5,0.36,0.6,0.28,0.03,1,577000,31,179100
2014-03-14,0.36,0.43,0.43,0.33,0.07,1,162000,12,54330
2014-03-17,0.5,0.34,0.5,0.34,-0.09,-1,3000,3,1180
2014-03-18,0.54,0.32,0.82,0.3,-0.02,-1,323000,9,100840
2014-03-19,0.49,0.51,0.51,0.49,0.19,1,2000,2,1000
2014-03-20,0.51,0.26,0.59,0.25,-0.25,-1,524000,10,131620
2014-03-21,0.45,0.26,0.48,0.26,0.0,0,3000,3,1190
2014-03-24,0.42,0.42,0.42,0.42,0.16,1,1000,1,420
2014-03-25,0.42,0.24,0.42,0.19,-0.18,-1,446000,15,99220
2014-03-26,0.37,0.43,0.43,0.37,0.19,1,2000,2,800
2014-03-27,0.43,0.23,0.43,0.18,-0.2,-1,102000,11,21460
2014-03-28,0.37,0.21,0.37,0.17,-0.02,-1,13000,4,2650
2014-03-31,0.31,0.23,0.42,0.16,0.02,1,91000,14,19100
2014-04-01,0.43,0.45,0.46,0.22,0.22,1,124000,19,28900
2014-04-02,0.49,0.49,0.49,0.49,0.04,1,1000,1,490
2014-04-03,0.5,0.54,0.54,0.5,0.05,1,2000,2,1040
2014-04-07,0.54,0.54,0.54,0.54,0.0,0,1000,1,540
2014-04-08,0.54,0.54,0.54,0.54,0.0,0,1000,1,540
2014-04-09,0.54,0.54,0.54,0.54,0.0,0,1000,1,540
2014-04-10,0.53,0.53,0.53,0.53,-0.01,-1,1000,1,530
2014-04-11,0.51,0.51,0.51,0.51,-0.02,-1,1000,1,510
2014-04-14,0.49,0.49,0.49,0.49,-0.02,-1,1000,1,490
2014-04-15,0.46,0.46,0.46,0.46,-0.03,-1,1000,1,460
2014-04-16,0.42,0.1,0.42,0.04,-0.36,-1,502000,11,20520
2014-04-17,0.29,0.1,0.29,0.06,0.0,0,1396000,35,89310
2014-04-18,0.2,0.2,0.26,0.13,0.1,1,331000,14,63400
