date,OP,CP,HP,LP,DF,RD,TV,TC,TO
2014-01-21,0.76,0.74,0.76,0.74,0.06,1,40000,2,30000
2014-01-22,0.74,0.73,0.75,0.73,-0.01,-1,2846000,25,2110730
2014-01-23,0.74,0.71,0.75,0.71,-0.02,-1,548000,5,406310
2014-01-24,0.72,0.77,0.79,0.72,0.06,1,799000,10,621670
2014-01-27,0.71,0.75,0.78,0.71,-0.02,-1,974000,13,719600
2014-02-05,0.73,0.7,0.73,0.7,-0.05,-1,70000,2,50800
2014-02-06,0.76,0.82,0.84,0.76,0.12,1,216000,8,176070
2014-02-07,0.83,0.83,0.83,0.81,0.01,1,70000,3,57100
2014-02-10,0.81,0.76,0.81,0.73,-0.07,-1,407000,5,329200
2014-02-11,0.77,0.77,0.77,0.77,0.01,1,55000,2,42350
2014-02-12,0.79,0.78,0.8,0.78,0.01,1,74000,4,57780
2014-02-13,0.77,0.76,0.77,0.76,-0.02,-1,6000,2,4590
2014-02-14,0.81,0.99,0.99,0.81,0.23,1,5025000,86,4631280
2014-02-17,1.51,0.96,1.51,0.92,-0.03,-1,2415000,65,2398900
2014-02-18,1.0,1.01,1.03,0.93,0.05,1,3469000,78,3472350
2014-02-19,1.06,0.98,1.07,0.98,-0.03,-1,1699000,50,1773060
2014-02-20,1.01,1.01,1.15,1.0,0.03,1,3478000,60,3698730
2014-02-21,1.03,0.96,1.03,0.95,-0.05,-1,2480000,45,2453560
2014-02-24,0.86,0.89,0.91,0.84,-0.07,-1,1904000,29,1684850
2014-02-25,0.91,0.9,0.91,0.87,0.01,1,369000,14,333780
2014-02-26,0.91,0.92,1.0,0.91,0.02,1,371000,14,356270
2014-02-27,0.95,0.9,0.97,0.9,-0.02,-1,747000,18,710280
2014-03-03,0.88,0.94,0.94,0.88,0.04,1,220000,9,197950
2014-03-04,0.98,1.04,1.1,0.94,0.1,1,1222000,33,1254490
2014-03-05,1.1,1.11,1.17,1.08,0.07,1,1227000,34,1383330
2014-03-06,1.1,1.06,1.1,1.03,-0.05,-1,454000,14,478260
2014-03-07,1.1,0.89,1.1,0.89,-0.17,-1,577000,15,575130
2014-03-10,0.78,0.89,0.89,0.78,0.0,0,242000,8,204320
2014-03-11,0.92,0.91,0.92,0.86,0.02,1,65000,5,56820
2014-03-12,0.88,0.95,0.95,0.88,0.04,1,59000,3,53920
2014-03-13,0.93,0.92,0.93,0.91,-0.03,-1,21000,3,19220
2014-03-14,0.85,0.9,0.9,0.85,-0.02,-1,81000,3,70400
2014-03-17,0.93,0.91,0.98,0.89,0.01,1,525000,12,499380
2014-03-18,0.91,0.88,0.91,0.87,-0.03,-1,355000,6,311860
2014-03-19,0.85,0.79,0.85,0.77,-0.09,-1,85000,9,65990
2014-03-20,0.76,0.71,0.76,0.69,-0.08,-1,517000,8,367580
2014-03-21,0.76,0.68,0.76,0.68,-0.03,-1,467000,9,328610
2014-03-24,0.62,0.69,0.69,0.62,0.01,1,420000,6,288400
2014-03-25,0.74,0.73,0.75,0.73,0.04,1,448000,3,333010
2014-03-26,0.72,0.73,0.74,0.72,0.0,0,270000,6,197100
2014-03-27,0.76,0.77,0.79,0.75,0.04,1,220000,9,168500
2014-03-28,0.77,0.73,0.77,0.73,-0.04,-1,677000,11,515990
2014-03-31,0.86,0.88,0.9,0.84,0.15,1,1684000,32,1463860
2014-04-01,0.89,0.86,0.89,0.85,-0.02,-1,1288000,30,1115480
2014-04-02,0.9,0.87,0.9,0.86,0.01,1,774000,17,676540
2014-04-03,0.94,1.11,1.11,0.94,0.24,1,2194000,33,2213430
2014-04-07,1.15,1.63,1.66,1.15,0.52,1,2057000,60,3080840
2014-04-08,1.63,1.51,1.64,1.39,-0.12,-1,1632000,30,2497270
2014-04-09,1.81,1.75,1.85,1.75,0.24,1,485000,11,875790
2014-04-10,1.59,1.87,1.99,1.59,0.12,1,858000,17,1670340
2014-04-11,1.66,1.5,1.74,1.44,-0.37,-1,1099000,21,1736740
2014-04-14,2.1,1.49,2.1,1.23,-0.01,-1,748000,20,1028020
2014-04-15,1.55,1.7,1.7,1.45,0.21,1,52000,7,79250
2014-04-16,1.6,1.64,1.64,1.54,-0.06,-1,141000,8,225970
2014-04-17,1.62,1.51,1.99,1.51,-0.13,-1,328000,10,580570
2014-04-18,1.46,1.65,1.65,1.46,0.14,1,102000,4,149170
2014-04-21,1.64,1.72,1.72,1.64,0.07,1,131000,5,223640
2014-04-22,1.88,1.8,1.9,1.8,0.08,1,137000,4,257900
2014-04-23,1.7,1.4,1.7,1.3,-0.4,-1,940000,13,1248630
2014-04-24,1.48,1.3,1.48,1.3,-0.1,-1,112000,4,149800
2014-04-25,1.32,1.09,1.32,1.02,-0.21,-1,1319000,20,1366390
2014-04-28,1.01,1.16,1.16,1.01,0.07,1,12000,4,12440
2014-04-29,1.18,1.21,1.27,1.18,0.05,1,42000,4,51450
2014-04-30,1.04,1.04,1.04,1.04,-0.17,-1,3000,1,3120
2014-05-05,1.14,1.22,1.25,1.03,0.16,1,1323000,22,1476000
2014-05-06,1.28,1.28,1.28,1.28,0.06,1,20000,1,25600
2014-05-07,1.28,1.21,1.28,1.18,-0.07,-1,101000,3,124210
2014-05-08,1.27,1.26,1.29,1.23,0.05,1,913000,13,1163860
2014-05-09,1.01,1.0,1.05,1.0,-0.26,-1,102000,3,103040
2014-05-12,1.05,1.05,1.05,1.05,0.05,1,200000,4,210000
2014-05-13,1.07,0.99,1.1,0.99,-0.06,-1,548000,9,599610
2014-05-14,0.92,0.86,0.92,0.86,-0.13,-1,498000,8,451170
2014-05-16,0.94,0.94,0.94,0.94,0.0,0,1000,1,940
2014-05-20,0.98,1.06,1.12,0.98,0.08,1,313000,5,327650
2014-05-21,1.05,1.02,1.05,0.99,-0.04,-1,303000,6,309090
2014-05-23,1.2,1.15,1.2,1.15,0.05,1,210000,4,247490
2014-05-27,1.33,1.56,1.56,1.33,0.44,1,130000,3,186300
2014-05-28,1.57,1.57,1.57,1.57,0.01,1,40000,1,62800
2014-05-30,1.59,1.59,1.59,1.59,0.13,1,10000,1,15900
2014-06-03,1.4,1.4,1.4,1.4,-0.19,-1,10000,1,14000
2014-06-09,1.27,1.24,1.27,1.24,0.02,1,42000,2,53280
2014-06-17,1.44,1.44,1.44,1.44,0.27,1,4000,1,5760
2014-06-18,1.57,1.58,1.65,1.57,0.14,1,115000,4,186310
2014-06-19,1.9,1.9,1.9,1.9,0.32,1,1000,1,1900
2014-06-20,2.22,2.22,2.22,2.22,0.32,1,15000,1,33300
2014-06-26,1.55,2.22,2.22,1.55,0.2,1,2000,2,3770
2014-06-27,2.06,2.06,2.06,2.06,-0.16,-1,1000,1,2060
2014-06-30,1.7,2.01,2.01,1.7,-0.05,-1,6000,2,11750
2014-07-01,1.93,1.93,1.93,1.93,-0.08,-1,21000,2,40530
2014-07-02,1.97,2.01,2.01,1.97,0.08,1,11000,2,22070
2014-07-03,2.33,2.25,2.33,2.25,0.24,1,34000,2,76900
2014-07-07,2.0,2.0,2.0,2.0,-0.25,-1,30000,1,60000
2014-07-08,1.95,2.03,2.03,1.78,0.03,1,104000,8,201020
2014-07-09,1.98,1.91,1.98,1.91,-0.12,-1,124000,9,243460
2014-07-10,1.87,1.9,1.95,1.87,-0.01,-1,146000,9,277820
