date,OP,CP,HP,LP,DF,RD,TV,TC,TO
2014-02-05,0.83,0.83,0.83,0.83,-0.14,-1,1000,1,830
2014-02-06,0.93,0.87,0.93,0.87,0.04,1,51000,2,47370
2014-02-07,0.74,0.75,0.76,0.74,-0.12,-1,72000,3,54300
2014-02-10,0.79,0.72,0.86,0.72,-0.03,-1,471000,9,385820
2014-02-11,0.72,0.69,0.72,0.69,-0.03,-1,549000,9,383580
2014-02-12,0.75,0.75,0.75,0.75,0.06,1,100000,1,75000
2014-02-13,0.79,0.82,0.83,0.78,0.07,1,725000,12,572450
2014-02-14,0.84,0.81,0.88,0.81,-0.01,-1,1563000,32,1310790
2014-02-17,0.78,0.73,0.79,0.73,-0.08,-1,923000,22,709990
2014-02-18,0.76,0.69,0.76,0.66,-0.04,-1,76000,5,56480
2014-02-19,0.69,0.64,0.69,0.64,-0.05,-1,170000,5,114000
2014-02-20,0.69,0.69,0.7,0.68,0.05,1,118000,5,81640
2014-02-21,0.65,0.67,0.67,0.65,-0.02,-1,92000,4,61400
2014-02-24,0.68,0.61,0.68,0.6,-0.06,-1,235000,4,152420
2014-02-25,0.63,0.64,0.64,0.63,0.03,1,52000,2,32780
2014-02-26,0.77,0.82,0.82,0.77,0.18,1,221000,7,174720
2014-02-27,0.98,1.0,1.0,0.96,0.18,1,496000,14,493970
2014-03-03,1.08,1.08,1.08,1.08,0.08,1,20000,2,21600
2014-03-04,1.1,1.1,1.17,1.09,0.02,1,508000,10,570300
2014-03-05,1.11,1.07,1.14,1.07,-0.03,-1,524000,10,581860
2014-03-06,1.06,1.24,1.25,1.06,0.17,1,941000,24,1089930
2014-03-07,1.16,1.4,1.54,1.16,0.16,1,1024000,34,1364660
2014-03-10,1.5,1.62,1.62,1.39,0.22,1,577000,21,886770
2014-03-11,1.62,1.68,1.74,1.58,0.06,1,532000,16,892150
2014-03-12,1.66,1.57,1.72,1.57,-0.11,-1,280000,8,464160
2014-03-13,1.56,1.63,1.65,1.56,0.06,1,73000,4,119030
2014-03-14,1.74,1.76,1.76,1.74,0.13,1,20000,2,35000
2014-03-17,1.75,1.91,1.91,1.75,0.15,1,38000,3,71320
2014-03-19,1.48,1.23,1.49,1.23,-0.39,-1,189000,5,248370
2014-03-20,1.27,1.27,1.27,1.27,0.04,1,99000,1,125730
2014-03-27,1.36,1.46,1.46,1.36,0.05,1,330000,6,455800
2014-03-28,1.43,1.22,1.43,1.22,-0.24,-1,399000,6,547080
2014-04-02,1.27,1.28,1.28,1.24,0.14,1,309000,6,387430
2014-04-03,1.26,1.19,1.3,1.18,-0.09,-1,235000,15,291960
2014-04-07,1.24,1.2,1.25,1.2,0.01,1,26000,5,32110
2014-04-08,1.15,1.14,1.15,1.13,-0.06,-1,37000,3,41900
2014-04-09,1.3,1.44,1.44,1.3,0.3,1,67000,8,95140
2014-04-10,1.42,1.27,1.42,1.27,-0.17,-1,96000,8,130320
2014-04-11,1.22,1.23,1.23,1.2,-0.04,-1,40000,3,48700
2014-04-14,1.22,1.09,1.22,1.09,-0.14,-1,230000,7,263000
2014-04-15,1.12,1.1,1.12,1.09,0.01,1,29000,6,31980
2014-04-16,1.16,1.24,1.35,1.16,0.14,1,115000,10,144080
2014-04-17,1.3,1.23,1.31,1.23,-0.01,-1,55000,7,70640
2014-04-18,1.25,1.24,1.35,1.24,0.01,1,83000,10,106170
2014-04-21,1.31,1.48,1.55,1.31,0.24,1,264000,12,371610
2014-04-22,1.45,1.43,1.46,1.41,-0.05,-1,232000,7,335400
2014-04-23,1.44,1.27,1.44,1.27,-0.16,-1,40000,3,55200
2014-04-24,1.32,1.08,1.32,1.06,-0.19,-1,71000,6,86510
2014-04-25,1.01,0.94,1.01,0.88,-0.14,-1,40000,5,38250
2014-04-28,0.84,0.99,0.99,0.84,0.05,1,85000,9,76850
2014-04-29,1.1,1.28,1.28,1.1,0.29,1,260000,7,306600
2014-04-30,1.23,1.21,1.27,1.21,-0.07,-1,66000,6,80950
2014-05-02,1.3,1.25,1.33,1.23,0.04,1,111000,9,139710
2014-05-05,1.53,1.48,1.53,1.41,0.23,1,141000,7,201880
2014-05-06,1.23,1.22,1.28,1.22,-0.26,-1,295000,10,362950
2014-05-07,1.28,1.21,1.28,1.21,-0.01,-1,24000,3,30240
2014-05-08,1.17,1.2,1.2,1.17,-0.01,-1,32000,3,37500
2014-05-09,1.22,1.22,1.22,1.22,0.02,1,50000,1,61000
2014-05-13,1.16,1.16,1.16,1.16,-0.05,-1,199000,2,230840
2014-05-15,1.14,1.11,1.14,1.11,0.0,0,99000,4,111160
2014-05-16,1.1,1.07,1.1,1.07,-0.04,-1,200000,3,216500
2014-05-19,1.21,1.19,1.21,1.19,0.12,1,202000,4,243390
2014-05-20,1.22,1.19,1.28,1.19,0.0,0,193000,9,240990
2014-05-21,1.19,1.18,1.19,1.14,-0.01,-1,150000,4,175100
2014-05-22,1.25,1.55,1.55,1.24,0.37,1,147000,11,196440
2014-05-23,1.79,1.85,1.94,1.74,0.3,1,152000,7,275770
2014-05-26,2.04,2.2,2.2,2.04,0.35,1,2000,2,4240
2014-05-27,2.26,2.23,2.26,2.23,0.03,1,19000,2,42640
2014-05-28,2.4,2.57,2.58,2.4,0.34,1,21000,4,53350
2014-05-29,2.4,2.46,2.59,2.39,-0.11,-1,42000,5,103280
2014-05-30,2.85,3.1,3.1,2.8,0.64,1,36000,5,102840
2014-06-03,3.38,3.01,3.38,3.01,-0.09,-1,117000,5,356820
2014-06-04,3.36,3.6,3.6,3.36,0.59,1,11000,6,38160
2014-06-05,4.32,4.32,4.32,4.32,0.72,1,30000,3,129600
2014-06-06,4.81,5.05,5.05,4.81,0.73,1,4000,2,19720
2014-06-09,4.45,4.41,4.5,4.39,-0.64,-1,201000,6,894070
2014-06-25,4.45,4.46,4.46,4.45,0.66,1,11000,2,49050
2014-07-25,4.55,4.55,4.55,4.55,0.46,1,11000,1,50050
