date,OP,CP,HP,LP,DF,RD,TV,TC,TO
2014-03-11,1.34,1.34,1.34,1.34,-0.07,-1,20000,1,26800
2014-03-12,1.26,1.34,1.35,1.26,0.0,0,40000,3,52100
2014-03-14,1.23,1.23,1.23,1.23,-0.04,-1,20000,1,24600
2014-03-19,1.33,1.47,1.48,1.33,0.15,1,1094000,18,1532510
2014-03-20,1.32,1.28,1.35,1.25,-0.19,-1,974000,24,1278460
2014-03-21,1.29,1.25,1.29,1.25,-0.03,-1,53000,4,67970
2014-03-24,1.09,1.07,1.09,0.97,-0.18,-1,181000,5,186300
2014-03-25,1.12,1.09,1.12,1.07,0.02,1,541000,11,594540
2014-03-26,1.15,1.15,1.17,1.15,0.06,1,498000,7,575100
2014-03-27,1.31,1.27,1.31,1.23,0.12,1,360000,14,457730
2014-03-28,1.25,1.17,1.25,1.17,-0.1,-1,268000,4,333400
2014-03-31,1.16,1.16,1.17,1.13,-0.01,-1,257000,10,298040
2014-04-01,1.28,1.29,1.41,1.28,0.13,1,822000,21,1116750
2014-04-02,1.31,1.28,1.31,1.27,-0.01,-1,591000,12,761360
2014-04-03,1.26,1.3,1.41,1.24,0.02,1,1900000,29,2560230
2014-04-07,1.28,1.35,1.44,1.25,0.05,1,1079000,19,1438840
2014-04-08,1.32,1.22,1.32,1.21,-0.13,-1,536000,17,679740
2014-04-09,1.27,1.21,1.27,1.21,-0.01,-1,287000,6,351480
2014-04-10,1.26,1.16,1.26,1.16,-0.05,-1,140000,5,170900
2014-04-11,1.19,1.11,1.19,1.11,-0.05,-1,436000,8,490320
2014-04-14,1.12,1.0,1.12,1.0,-0.11,-1,414000,12,428080
2014-04-15,1.06,1.06,1.06,1.06,0.06,1,111000,3,117660
2014-04-16,1.06,1.18,1.18,1.04,0.12,1,1418000,22,1629870
2014-04-17,1.2,1.2,1.32,1.13,0.02,1,1549000,33,1853620
2014-04-18,1.25,1.14,1.26,1.14,-0.06,-1,461000,15,554150
2014-04-21,1.17,1.19,1.19,1.17,0.05,1,47000,3,55600
2014-04-22,1.37,2.1,2.1,1.37,0.91,1,605000,35,964070
2014-04-23,1.96,1.58,2.09,1.56,-0.52,-1,737000,50,1429160
2014-04-24,1.69,1.78,1.97,1.65,0.2,1,576000,35,1025200
2014-04-25,1.75,1.24,1.75,1.12,-0.54,-1,594000,42,824260
2014-04-28,1.04,1.3,1.35,1.02,0.06,1,862000,33,1058110
2014-04-29,1.4,1.39,1.41,1.24,0.09,1,466000,21,626580
2014-04-30,1.36,1.4,1.76,1.36,0.01,1,1609000,51,2494760
2014-05-02,1.5,1.53,1.54,1.41,0.13,1,1246000,43,1840310
2014-05-05,1.65,1.78,1.95,1.65,0.25,1,889000,38,1641670
2014-05-06,1.86,1.72,1.89,1.72,-0.06,-1,1094000,32,1945040
2014-05-07,1.68,1.76,1.76,1.6,0.04,1,160000,15,261200
2014-05-08,1.78,1.73,1.8,1.54,-0.03,-1,619000,20,991970
2014-05-09,1.78,1.48,1.78,1.43,-0.25,-1,383000,20,636920
2014-05-12,1.5,1.36,1.5,1.33,-0.12,-1,561000,24,804010
2014-05-13,1.5,1.42,1.5,1.34,0.06,1,384000,14,561710
2014-05-14,1.64,1.74,1.79,1.59,0.32,1,1032000,28,1740360
2014-05-15,1.8,2.12,2.52,1.73,0.38,1,2108000,78,4283340
2014-05-16,1.93,2.05,2.12,1.84,-0.07,-1,1666000,39,3316230
2014-05-19,2.19,2.18,2.19,2.12,0.13,1,49000,7,105500
2014-05-20,2.04,1.76,2.12,1.7,-0.42,-1,268000,8,525010
2014-05-21,1.65,1.66,1.66,1.65,-0.1,-1,5000,2,8290
2014-05-22,1.79,1.89,1.89,1.79,0.23,1,3000,3,5480
2014-05-23,1.83,1.83,1.83,1.83,-0.06,-1,3000,1,5490
2014-05-26,2.13,2.08,2.21,2.08,0.25,1,30000,3,64450
2014-05-28,2.3,2.28,2.31,2.28,0.2,1,22000,4,50690
2014-05-29,2.18,2.19,2.2,2.18,-0.09,-1,4000,4,8770
2014-05-30,2.28,2.13,2.28,2.11,-0.06,-1,217000,11,473130
2014-06-03,2.08,2.01,2.08,1.73,-0.12,-1,230000,10,472300
2014-06-04,2.16,2.14,2.16,2.14,0.13,1,20000,2,43000
2014-06-05,2.8,3.9,3.9,2.8,1.76,1,65000,11,215040
2014-06-06,3.77,2.66,3.77,2.66,-1.24,-1,193000,31,596690
2014-06-09,2.62,2.73,2.73,2.62,0.07,1,35000,4,92730
2014-06-11,2.63,2.49,2.63,2.44,-0.24,-1,127000,13,318600
2014-06-12,2.65,2.5,2.65,2.5,0.01,1,10000,4,26040
2014-06-13,2.41,2.49,2.49,2.4,-0.01,-1,72000,9,177970
2014-06-16,2.6,2.82,2.9,2.6,0.33,1,26000,6,73200
2014-06-17,3.0,3.1,3.53,3.0,0.28,1,288000,20,933690
2014-06-18,2.8,2.67,2.8,2.56,-0.43,-1,217000,16,571550
2014-06-19,3.12,3.29,3.32,3.12,0.62,1,118000,4,384580
2014-06-20,3.01,3.01,3.11,2.95,-0.28,-1,112000,12,340820
2014-06-23,3.0,2.55,3.0,2.55,-0.46,-1,31000,10,87700
2014-06-24,3.08,3.23,3.23,3.08,0.68,1,53000,4,170880
2014-06-26,3.5,3.26,3.55,3.26,0.15,1,85000,5,289650
2014-06-27,3.23,3.01,3.23,2.98,-0.25,-1,88000,16,266240
2014-06-30,3.05,3.22,3.36,3.05,0.21,1,13000,3,40440
2014-07-01,3.3,3.26,3.3,3.18,0.04,1,10000,3,32320
2014-07-02,3.16,2.82,3.16,2.82,-0.44,-1,87000,10,268580
2014-07-03,2.96,3.01,3.01,2.96,0.19,1,82000,5,246010
2014-07-04,3.49,3.43,3.53,3.34,0.42,1,242000,15,832410
2014-07-07,3.11,2.88,3.11,2.87,-0.55,-1,120000,14,353000
2014-07-08,2.85,2.79,2.85,2.78,-0.09,-1,27000,3,75860
2014-07-09,2.84,2.81,2.89,2.81,0.02,1,33000,4,94530
2014-07-10,3.05,3.6,3.6,3.05,0.79,1,204000,19,679600
2014-07-11,3.42,3.06,3.42,3.02,-0.54,-1,170000,9,565650
2014-07-14,3.56,3.51,3.62,3.51,0.45,1,72000,5,255140
2014-07-15,3.6,3.18,3.6,3.11,-0.33,-1,78000,10,248050
2014-07-16,3.08,2.72,3.08,2.72,-0.46,-1,54000,8,158760
2014-07-17,2.54,2.05,2.54,1.94,-0.67,-1,124000,16,267250
2014-07-18,2.06,2.06,2.06,2.06,0.01,1,2000,1,4120
2014-07-22,2.68,3.02,3.02,2.68,0.47,1,82000,4,223560
2014-07-25,2.69,2.44,2.69,2.44,-0.54,-1,1035000,10,2773100
2014-07-28,2.19,2.19,2.19,2.19,-0.25,-1,11000,2,24090
2014-07-29,2.95,1.94,2.95,1.84,-0.25,-1,35000,4,76700
2014-07-30,2.04,1.94,2.04,1.94,0.0,0,23000,3,45800
2014-07-31,2.85,2.85,2.85,2.85,0.91,1,1000,1,2850
2014-08-04,2.41,2.41,2.41,2.41,0.26,1,20000,2,48200
2014-08-05,2.13,1.84,2.13,1.84,-0.57,-1,30000,2,61000
2014-08-06,1.74,1.45,1.74,1.28,-0.39,-1,54000,6,80540
2014-08-07,1.57,0.98,1.57,0.98,-0.47,-1,87000,11,102160
2014-08-08,1.14,1.13,1.3,1.04,0.15,1,101000,12,115350
2014-08-11,1.44,1.44,1.44,1.44,0.31,1,10000,1,14400
2014-08-12,1.4,1.13,1.4,1.13,-0.31,-1,35000,6,41230
2014-08-14,1.8,1.72,1.92,1.72,0.13,1,269000,6,475990
2014-08-15,1.42,1.65,1.65,1.42,-0.07,-1,3000,3,4710
2014-08-18,1.47,1.41,1.47,1.41,-0.24,-1,21000,2,30390
2014-08-19,1.4,1.2,1.4,1.2,-0.21,-1,31000,3,43200
2014-08-20,1.51,1.41,1.54,1.41,0.21,1,59000,7,89450
2014-08-21,1.18,0.91,1.18,0.81,-0.5,-1,109000,8,112220
2014-08-22,1.07,1.24,1.24,1.07,0.33,1,42000,5,45280
2014-08-25,1.56,1.38,2.18,1.38,0.14,1,97000,8,152900
2014-08-26,1.42,1.62,1.62,1.42,0.24,1,31000,3,45420
2014-08-27,1.76,1.63,1.76,1.47,0.01,1,45000,4,70300
2014-08-28,1.44,1.27,1.44,1.27,-0.36,-1,85000,8,112150
2014-08-29,1.15,1.15,1.15,1.15,-0.12,-1,35000,4,40250
2014-09-01,1.02,0.83,1.03,0.73,-0.32,-1,287000,11,219210
2014-09-02,0.73,0.69,0.78,0.69,-0.14,-1,92000,7,69580
2014-09-03,0.51,0.59,0.59,0.51,-0.1,-1,61000,6,35110
2014-09-04,0.73,0.73,0.73,0.73,0.14,1,250000,1,182500
