date,OP,CP,HP,LP,DF,RD,TV,TC,TO
2014-05-23,0.64,0.64,0.64,0.64,0.04,1,10000,1,6400
2014-05-26,0.59,0.59,0.59,0.59,-0.05,-1,10000,1,5900
2014-05-27,0.65,0.66,0.66,0.63,0.07,1,521000,8,337270
2014-05-28,0.66,0.61,0.66,0.61,-0.05,-1,145000,6,90750
2014-05-29,0.57,0.57,0.57,0.57,-0.04,-1,302000,3,172140
2014-05-30,0.59,0.59,0.59,0.59,0.02,1,99000,1,58410
2014-06-03,0.62,0.78,0.78,0.62,0.19,1,855000,31,562200
2014-06-04,0.78,0.71,0.78,0.69,-0.07,-1,459000,18,331180
2014-06-05,0.78,0.8,0.92,0.78,0.09,1,548000,35,470800
2014-06-06,0.85,0.8,0.85,0.76,0.0,0,345000,20,274590
2014-06-09,0.86,0.84,0.89,0.82,0.04,1,431000,24,369310
2014-06-10,0.88,0.82,0.96,0.82,-0.02,-1,525000,38,457110
2014-06-11,0.82,0.83,0.86,0.81,0.01,1,247000,12,203110
2014-06-12,0.77,0.75,0.77,0.74,-0.08,-1,602000,23,456010
2014-06-13,0.77,0.77,0.8,0.72,0.02,1,603000,31,464240
2014-06-16,0.78,0.81,0.83,0.78,0.04,1,473000,19,380460
2014-06-17,0.84,0.79,0.85,0.78,-0.02,-1,1109000,26,891510
2014-06-18,0.86,0.76,0.95,0.73,-0.03,-1,2485000,42,2097620
2014-06-19,0.76,0.71,0.76,0.71,-0.05,-1,1626000,27,1185060
2014-06-20,0.71,0.67,0.72,0.65,-0.04,-1,666000,18,459190
2014-06-23,0.69,0.63,0.73,0.63,-0.04,-1,455000,8,316650
2014-06-24,0.64,0.62,0.64,0.62,-0.01,-1,81000,3,50420
2014-06-25,0.7,0.75,0.75,0.68,0.13,1,472000,13,340530
2014-06-26,0.73,0.75,0.76,0.71,0.0,0,408000,10,296600
2014-06-27,0.39,0.71,0.73,0.39,-0.04,-1,295000,7,210050
2014-06-30,0.71,0.72,0.75,0.7,0.01,1,837000,11,610220
2014-07-01,0.76,0.72,0.8,0.72,0.0,0,174000,8,131400
2014-07-02,0.7,0.65,0.7,0.62,-0.07,-1,175000,6,119600
2014-07-03,0.67,0.94,0.94,0.67,0.29,1,1132000,34,918330
2014-07-04,0.94,0.77,0.94,0.74,-0.17,-1,1884000,42,1462260
2014-07-07,0.76,0.71,0.76,0.67,-0.06,-1,256000,16,177000
2014-07-08,0.71,0.65,0.71,0.64,-0.06,-1,525000,17,346860
2014-07-09,0.67,0.65,0.67,0.64,0.0,0,255000,10,167100
2014-07-10,0.71,0.65,0.71,0.65,0.0,0,230000,8,153230
2014-07-11,0.64,0.47,0.64,0.45,-0.18,-1,340000,16,181510
2014-07-14,0.47,0.48,0.48,0.47,0.01,1,135000,4,63950
2014-07-15,0.53,0.52,0.53,0.52,0.04,1,348000,3,182940
2014-07-16,0.47,0.45,0.47,0.42,-0.07,-1,123000,7,56390
2014-07-17,0.47,0.53,0.55,0.47,0.08,1,217000,5,114150
2014-07-18,0.52,0.52,0.53,0.52,-0.01,-1,1048000,14,554140
2014-07-21,0.54,0.53,0.57,0.53,0.01,1,463000,8,251840
2014-07-22,0.53,0.5,0.53,0.5,-0.03,-1,142000,4,74000
2014-07-24,0.49,0.5,0.52,0.48,0.0,0,1160000,13,573800
2014-07-25,0.53,0.44,0.53,0.44,-0.06,-1,463000,7,224460
2014-07-28,0.38,0.34,0.38,0.32,-0.1,-1,462000,8,168890
2014-07-29,0.34,0.27,0.34,0.26,-0.07,-1,167000,7,44820
2014-07-30,0.29,0.29,0.3,0.28,0.02,1,83000,6,24070
2014-07-31,0.3,0.29,0.3,0.29,0.0,0,58000,7,16870
2014-08-01,0.31,0.32,0.32,0.31,0.03,1,80000,3,25000
2014-08-04,0.26,0.26,0.26,0.26,-0.06,-1,10000,1,2600
2014-08-05,0.29,0.28,0.29,0.28,0.02,1,40000,3,11500
2014-08-06,0.28,0.18,0.28,0.18,-0.1,-1,689000,11,154730
2014-08-07,0.18,0.22,0.22,0.18,0.04,1,50000,3,10000
2014-08-08,0.28,0.28,0.3,0.28,0.06,1,86000,6,24680
2014-08-11,0.29,0.31,0.35,0.29,0.03,1,252000,7,81880
2014-08-12,0.3,0.3,0.3,0.3,-0.01,-1,145000,8,43500
2014-08-13,0.31,0.29,0.31,0.29,-0.01,-1,284000,12,85680
2014-08-14,0.28,0.28,0.28,0.27,-0.01,-1,140000,9,38900
2014-08-15,0.22,0.22,0.22,0.22,-0.06,-1,493000,22,108460
2014-08-18,0.19,0.17,0.19,0.17,-0.05,-1,720000,10,126600
2014-08-19,0.22,0.25,0.25,0.22,0.08,1,265000,5,60650
2014-08-20,0.29,0.29,0.29,0.29,0.04,1,61000,3,17690
2014-08-21,0.29,0.35,0.35,0.29,0.06,1,349000,11,108680
2014-08-22,0.32,0.36,0.36,0.31,0.01,1,175000,7,59160
2014-08-26,0.33,0.33,0.34,0.33,-0.02,-1,110000,10,36400
2014-08-27,0.33,0.35,0.35,0.33,0.02,1,510000,18,174000
2014-08-28,0.37,0.37,0.37,0.36,0.02,1,110000,5,40400
2014-09-01,0.36,0.33,0.36,0.33,-0.03,-1,150000,4,51000
2014-09-02,0.28,0.28,0.28,0.28,-0.05,-1,5000,1,1400
2014-09-04,0.27,0.27,0.27,0.27,-0.01,-1,25000,2,6750
2014-09-05,0.26,0.26,0.26,0.26,-0.01,-1,5000,1,1300
2014-09-09,0.25,0.25,0.25,0.25,-0.01,-1,300000,1,75000
2014-09-10,0.3,0.3,0.3,0.3,0.05,1,390000,4,117000
2014-09-12,0.22,0.22,0.22,0.22,-0.02,-1,20000,2,4400
2014-09-15,0.22,0.22,0.22,0.22,0.0,0,15000,2,3300
2014-09-16,0.2,0.2,0.2,0.2,-0.02,-1,10000,1,2000
2014-09-19,0.24,0.24,0.24,0.24,0.04,1,10000,1,2400
2014-09-24,0.15,0.12,0.15,0.12,-0.04,-1,50000,3,7000
2014-09-25,0.14,0.14,0.14,0.14,0.02,1,20000,1,2800
2014-09-26,0.1,0.1,0.1,0.1,-0.04,-1,20000,2,2000
2014-09-29,0.1,0.1,0.1,0.1,0.0,0,10000,1,1000
2014-09-30,0.1,0.1,0.1,0.1,0.0,0,50000,1,5000
2014-10-01,0.11,0.12,0.12,0.11,0.02,1,20000,2,2300
2014-10-06,0.17,0.17,0.17,0.17,0.07,1,10000,1,1700
2014-10-09,0.1,0.1,0.1,0.1,0.0,0,10000,1,1000
2014-10-13,0.08,0.08,0.08,0.08,-0.02,-1,20000,2,1600
2014-10-14,0.06,0.06,0.06,0.06,-0.02,-1,5000,1,300
2014-10-15,0.07,0.07,0.08,0.07,0.01,1,290000,12,20400
2014-10-23,0.03,0.03,0.03,0.03,-0.01,-1,10000,1,300
2014-10-27,0.02,0.02,0.02,0.02,-0.01,-1,10000,1,200
2014-10-28,0.01,0.01,0.01,0.01,-0.01,-1,100000,1,1000
2014-10-30,0.01,0.01,0.01,0.01,-0.01,-1,10000,1,100
2014-10-31,0.02,0.01,0.02,0.01,0.0,0,137000,4,1420
2014-11-03,0.02,0.02,0.02,0.02,0.01,1,331000,3,6620
