date,OP,CP,HP,LP,DF,RD,TV,TC,TO
2014-06-06,2.46,2.27,2.46,2.02,0.62,1,549000,32,1169020
2014-06-09,1.89,1.93,2.01,1.82,-0.34,-1,822000,49,1567530
2014-06-10,2.2,1.91,2.33,1.91,-0.02,-1,934000,79,1979530
2014-06-11,2.07,2.33,2.35,2.0,0.42,1,1472000,82,3288970
2014-06-12,2.63,2.17,2.63,2.12,-0.16,-1,823000,63,1956560
2014-06-13,2.11,1.95,2.19,1.82,-0.22,-1,506000,47,1008150
2014-06-16,1.82,1.76,1.85,1.68,-0.19,-1,1219000,55,2148570
2014-06-17,1.82,1.95,2.1,1.78,0.19,1,1439000,57,2793340
2014-06-18,2.03,1.75,2.09,1.74,-0.2,-1,580000,27,1064120
2014-06-19,1.76,1.75,1.78,1.58,0.0,0,315000,17,521680
2014-06-20,1.8,1.74,1.84,1.74,-0.01,-1,352000,14,621780
2014-06-23,1.68,1.38,1.7,1.35,-0.36,-1,558000,27,812390
2014-06-24,2.0,1.46,2.0,1.25,0.08,1,1984000,61,2800220
2014-06-25,1.46,1.91,1.91,1.43,0.45,1,613000,30,975020
2014-06-26,2.03,1.85,2.15,1.8,-0.06,-1,681000,44,1287160
2014-06-27,1.85,2.05,2.13,1.85,0.2,1,546000,42,1103620
2014-06-30,2.08,1.97,2.17,1.91,-0.08,-1,308000,17,614830
2014-07-01,2.06,1.77,2.06,1.77,-0.2,-1,192000,17,359790
2014-07-02,1.77,1.54,1.91,1.44,-0.23,-1,203000,18,348950
2014-07-03,1.59,1.56,1.66,1.47,0.02,1,353000,21,555530
2014-07-04,1.67,1.79,1.93,1.62,0.23,1,390000,23,686600
2014-07-07,1.66,1.57,1.66,1.47,-0.22,-1,446000,19,688000
2014-07-08,1.53,1.56,1.57,1.53,-0.01,-1,153000,12,235810
2014-07-09,1.62,1.52,1.63,1.52,-0.04,-1,40000,5,62850
2014-07-10,1.61,1.54,1.75,1.53,0.02,1,145000,16,236050
2014-07-11,1.47,1.33,1.47,1.26,-0.21,-1,314000,29,420990
2014-07-14,1.23,1.23,1.28,1.23,-0.1,-1,84000,9,104620
2014-07-15,1.32,1.4,1.45,1.32,0.17,1,50000,6,70000
2014-07-16,1.32,1.24,1.32,1.23,-0.16,-1,36000,5,44670
2014-07-17,1.2,1.2,1.2,1.2,-0.04,-1,5000,1,6000
2014-07-18,1.21,1.19,1.21,1.19,-0.01,-1,20000,2,24000
2014-07-21,1.15,1.29,1.29,1.08,0.1,1,22000,5,26360
2014-07-22,1.4,1.43,1.43,1.4,0.14,1,20000,2,28300
2014-07-24,1.43,1.43,1.43,1.43,0.0,0,20000,2,28600
2014-07-25,1.69,1.6,1.76,1.6,0.17,1,154000,10,263120
2014-07-28,1.6,1.43,1.81,1.43,-0.17,-1,594000,12,898450
2014-07-29,1.47,1.15,1.47,1.15,-0.28,-1,288000,12,382660
2014-07-30,1.14,1.25,1.25,1.14,0.1,1,41000,6,49500
2014-07-31,1.17,1.32,1.35,1.16,0.07,1,120000,10,153900
2014-08-01,1.52,1.12,1.52,1.07,-0.2,-1,550000,20,675720
2014-08-04,1.0,1.03,1.07,0.96,-0.09,-1,132000,9,132620
2014-08-05,1.13,1.03,1.13,1.01,0.0,0,149000,8,162560
2014-08-06,0.98,0.72,0.99,0.72,-0.31,-1,166000,13,134940
2014-08-07,0.6,0.55,0.6,0.5,-0.17,-1,1059000,22,555570
2014-08-08,0.56,0.55,0.56,0.47,0.0,0,42000,5,20590
2014-08-11,0.66,0.74,0.74,0.66,0.19,1,35000,4,25400
2014-08-12,0.68,0.68,0.68,0.68,-0.06,-1,10000,1,6800
2014-08-15,0.63,0.74,0.74,0.63,0.07,1,815000,11,576400
2014-08-18,0.74,0.77,0.8,0.74,0.03,1,107000,7,82830
2014-08-19,0.8,0.73,0.8,0.73,-0.04,-1,145000,4,108450
2014-08-20,0.53,0.53,0.53,0.53,-0.2,-1,5000,1,2650
2014-08-21,0.34,0.63,0.71,0.32,0.1,1,245000,13,126400
2014-08-22,0.46,0.56,0.62,0.46,-0.07,-1,210000,6,118750
2014-08-25,0.68,0.68,0.71,0.64,0.12,1,185000,5,128300
2014-08-26,0.83,0.95,0.99,0.8,0.27,1,177000,11,158030
2014-08-27,0.93,0.88,0.93,0.88,-0.07,-1,15000,3,13500
2014-08-28,0.99,0.88,0.99,0.88,0.0,0,19000,3,18220
2014-09-01,0.85,0.85,0.85,0.85,0.01,1,2000,1,1700
2014-09-03,0.75,0.75,0.75,0.75,-0.03,-1,5000,1,3750
2014-09-04,0.68,0.65,0.68,0.65,-0.1,-1,8000,2,5350
2014-09-09,0.68,0.64,0.68,0.64,-0.04,-1,10000,2,6600
2014-09-10,0.65,0.65,0.65,0.65,0.01,1,5000,1,3250
2014-09-11,0.69,0.69,0.69,0.69,0.04,1,100000,1,69000
2014-09-12,0.52,0.52,0.52,0.52,-0.17,-1,50000,1,26000
2014-09-15,0.46,0.44,0.46,0.43,-0.08,-1,38000,4,16920
2014-09-16,0.42,0.44,0.46,0.42,0.0,0,215000,4,94800
2014-09-17,0.46,0.46,0.46,0.46,0.02,1,100000,1,46000
2014-09-18,0.6,0.6,0.62,0.6,0.14,1,40000,4,24300
2014-09-19,0.61,0.61,0.61,0.61,0.01,1,30000,1,18300
2014-09-22,0.67,0.69,0.69,0.67,0.08,1,60000,2,40800
2014-09-23,0.67,0.65,0.67,0.65,-0.04,-1,40000,2,26200
2014-09-24,0.55,0.55,0.55,0.55,-0.1,-1,10000,1,5500
2014-09-25,0.56,0.46,0.56,0.46,-0.09,-1,23000,2,10880
2014-09-26,0.35,0.35,0.35,0.35,-0.11,-1,10000,1,3500
2014-09-29,0.4,0.4,0.4,0.4,0.05,1,10000,1,4000
2014-10-01,0.45,0.48,0.49,0.45,0.08,1,60000,3,28600
2014-10-03,0.55,0.62,0.63,0.55,0.16,1,255000,7,152100
2014-10-06,0.67,0.72,0.73,0.67,0.1,1,1968000,23,1360560
2014-10-07,0.64,0.6,0.66,0.6,-0.12,-1,959000,15,617860
2014-10-08,0.49,0.34,0.49,0.26,-0.26,-1,746000,15,282420
2014-10-09,0.38,0.32,0.38,0.3,-0.02,-1,673000,10,214490
2014-10-13,0.23,0.16,0.23,0.16,-0.16,-1,770000,7,150700
2014-10-14,0.19,0.2,0.22,0.19,0.04,1,310000,4,62000
2014-10-15,0.18,0.18,0.18,0.18,-0.02,-1,372000,5,66960
2014-10-16,0.12,0.18,0.18,0.12,0.0,0,320000,3,43650
2014-10-17,0.23,0.15,0.23,0.15,-0.03,-1,995000,9,189200
2014-10-23,0.1,0.06,0.1,0.06,-0.04,-1,400000,5,33800
2014-10-27,0.06,0.06,0.06,0.06,0.0,0,5000,1,300
2014-10-28,0.03,0.04,0.04,0.03,-0.02,-1,1200000,9,42000
2014-10-29,0.05,0.05,0.05,0.05,0.01,1,632000,6,31600
2014-11-04,0.03,0.03,0.03,0.03,-0.02,-1,155000,1,4650
2014-11-12,0.01,0.01,0.01,0.01,-0.02,-1,155000,2,1550
2014-11-17,0.01,0.01,0.01,0.01,0.0,0,1054000,9,10540
2014-11-27,0.01,0.01,0.01,0.01,0.0,0,50000,1,500
2014-11-28,0.01,0.01,0.01,0.01,0.0,0,31000,2,310
2014-12-01,0.01,0.01,0.01,0.01,0.0,0,2000,1,20
2014-12-02,0.01,0.01,0.01,0.01,0.0,0,20000,2,200
2014-12-03,0.01,0.01,0.01,0.01,0.0,0,7000,2,70
