date,OP,CP,HP,LP,DF,RD,TV,TC,TO
2008-03-19,0.73,0.73,0.73,0.73,0.06,1,10528000,137,7685440
2008-03-20,0.71,0.7,0.72,0.66,-0.03,-1,782000,152,550250
2008-03-21,0.7,0.72,0.73,0.68,0.02,1,406000,177,289200
2008-03-24,0.81,0.65,0.81,0.62,-0.07,-1,374000,147,264910
2008-03-25,0.68,0.7,0.75,0.57,0.05,1,539000,186,381350
2008-03-26,0.7,0.67,0.73,0.64,-0.03,-1,368000,175,251670
2008-03-27,0.66,0.6,0.66,0.6,-0.07,-1,95000,7,59150
2008-03-28,0.6,0.63,0.65,0.58,0.03,1,516000,181,319510
2008-03-31,0.62,0.69,0.71,0.6,0.06,1,469000,191,316370
2008-04-01,0.69,0.82,0.87,0.69,0.13,1,887000,201,739970
2008-04-02,0.9,0.95,0.95,0.81,0.13,1,527000,110,474070
2008-04-03,0.89,0.96,1.05,0.89,0.01,1,587000,181,575340
2008-04-07,0.94,0.97,1.0,0.87,0.01,1,460000,183,430910
2008-04-08,0.96,0.91,0.96,0.87,-0.06,-1,390000,170,355610
2008-04-09,0.91,0.86,0.93,0.82,-0.05,-1,388000,177,345390
2008-04-10,0.85,0.95,1.01,0.85,0.09,1,403000,175,383090
2008-04-11,0.94,1.05,1.12,0.94,0.1,1,582000,188,619280
2008-04-14,1.03,1.02,1.03,0.95,-0.03,-1,433000,178,431060
2008-04-15,1.02,1.0,1.11,0.98,-0.02,-1,498000,184,516560
2008-04-16,0.99,0.95,1.03,0.92,-0.05,-1,369000,160,354500
2008-04-17,0.94,0.98,1.09,0.93,0.03,1,470000,184,480350
2008-04-18,0.96,0.99,1.06,0.93,0.01,1,387000,175,383030
2008-04-21,0.98,1.0,1.02,0.98,0.01,1,33000,6,33160
2008-04-22,1.0,1.05,1.07,1.0,0.05,1,470000,178,485520
2008-04-23,1.05,1.28,1.28,1.05,0.23,1,517000,98,643310
2008-04-24,1.26,1.1,1.34,1.06,-0.18,-1,436000,84,554920
2008-04-25,1.03,1.16,1.2,1.03,0.06,1,771000,176,877620
2008-04-28,1.04,1.08,1.1,0.99,-0.08,-1,1559000,235,1635280
2008-04-29,1.08,1.0,1.11,0.87,-0.08,-1,1248000,191,1269820
2008-04-30,1.01,0.92,1.01,0.85,-0.08,-1,1207000,191,1103580
2008-05-02,0.92,0.75,0.93,0.73,-0.17,-1,1104000,163,891700
2008-05-05,0.75,0.67,0.75,0.57,-0.08,-1,197000,32,123020
2008-05-06,0.62,0.69,0.73,0.62,0.02,1,905000,130,612360
2008-05-07,0.69,0.87,0.87,0.69,0.18,1,439000,54,362000
2008-05-08,0.83,1.1,1.1,0.81,0.23,1,934000,149,897750
2008-05-09,1.04,1.0,1.13,0.89,-0.1,-1,793000,137,786250
2008-05-12,0.96,1.0,1.0,0.86,0.0,0,842000,133,787330
2008-05-13,0.99,1.09,1.09,0.9,0.09,1,888000,140,887280
2008-05-14,1.04,1.21,1.26,1.03,0.12,1,1073000,148,1274480
2008-05-15,1.16,1.16,1.21,1.1,-0.05,-1,963000,150,1112120
2008-05-16,1.12,1.12,1.25,1.08,-0.04,-1,1377000,199,1610880
2008-05-19,1.08,0.99,1.13,0.96,-0.13,-1,969000,147,1002000
2008-05-20,1.0,0.96,1.03,0.9,-0.03,-1,1003000,127,970570
2008-05-21,0.92,0.95,0.95,0.86,-0.01,-1,147000,20,134220
2008-05-22,0.88,0.89,0.91,0.82,-0.06,-1,974000,142,857740
2008-05-23,0.87,0.83,0.91,0.81,-0.06,-1,909000,121,790600
2008-05-26,0.77,0.67,0.77,0.65,-0.16,-1,919000,125,642620
2008-05-27,0.67,0.7,0.7,0.66,0.03,1,665000,117,448320
2008-05-28,0.68,0.63,0.78,0.61,-0.07,-1,856000,127,603610
2008-05-29,0.64,0.61,0.71,0.57,-0.02,-1,793000,119,500870
2008-05-30,0.59,0.58,0.64,0.53,-0.03,-1,613000,106,354300
2008-06-02,0.55,0.63,0.66,0.54,0.05,1,658000,102,412190
2008-06-03,0.67,0.69,0.72,0.64,0.06,1,749000,115,514040
2008-06-04,0.69,0.74,0.8,0.69,0.05,1,803000,120,603960
2008-06-05,0.7,0.76,0.79,0.7,0.02,1,678000,115,511160
2008-06-06,0.76,0.69,0.76,0.65,-0.07,-1,671000,115,467870
2008-06-09,0.57,0.73,0.73,0.52,0.04,1,631000,116,385360
2008-06-10,0.72,0.63,0.72,0.59,-0.1,-1,879000,114,569910
2008-06-11,0.63,0.59,0.64,0.53,-0.04,-1,818000,114,487210
2008-06-12,0.53,0.43,0.63,0.38,-0.16,-1,704000,104,327700
2008-06-13,0.46,0.43,0.46,0.37,0.0,0,606000,109,253030
2008-06-16,0.42,0.38,0.46,0.34,-0.05,-1,843000,134,341150
2008-06-17,0.37,0.34,0.37,0.25,-0.04,-1,879000,133,273990
2008-06-18,0.32,0.32,0.34,0.29,-0.02,-1,775000,117,243140
2008-06-19,0.27,0.27,0.29,0.21,-0.05,-1,758000,123,190980
2008-06-20,0.25,0.24,0.26,0.23,-0.03,-1,52000,6,12650
2008-06-23,0.17,0.13,0.17,0.11,-0.11,-1,999000,128,145360
2008-06-24,0.14,0.11,0.17,0.07,-0.02,-1,591000,78,74770
2008-06-25,0.09,0.06,0.09,0.04,-0.05,-1,1070000,87,62860
2008-06-26,0.06,0.06,0.09,0.05,0.0,0,686000,80,45260
2008-06-27,0.05,0.03,0.06,0.03,-0.03,-1,233000,15,8020
2008-06-30,0.02,0.01,0.07,0.01,-0.02,-1,804000,19,17120
2008-07-01,0.02,0.02,0.08,0.01,0.01,1,1304000,18,21590
2008-07-02,0.02,0.02,0.02,0.02,0.0,0,406000,11,8120
2008-07-03,0.02,0.08,0.08,0.02,0.06,1,131000,4,3220
2008-07-04,0.08,0.08,0.08,0.08,0.0,0,27000,2,2160
2008-07-07,0.09,0.03,0.09,0.03,-0.05,-1,149000,8,6690
2008-07-08,0.06,0.05,0.06,0.05,0.02,1,35000,5,2050
2008-07-09,0.05,0.03,0.05,0.03,-0.02,-1,9000,3,370
2008-07-10,0.0,0.0,0.0,0.0,0.0,0,0,0,0
2008-07-11,0.03,0.03,0.03,0.03,0.0,0,15000,2,450
2008-07-14,0.01,0.01,0.01,0.01,-0.02,-1,1000,1,10
2008-07-15,0.01,0.01,0.01,0.01,0.0,0,2000,1,20
2008-07-16,0.06,0.06,0.06,0.06,0.05,1,3000,1,180
2008-07-17,0.02,0.02,0.02,0.02,-0.04,-1,3000,1,60
2008-07-18,0.01,0.01,0.01,0.01,-0.01,-1,2000,1,20
2008-07-21,0.01,0.01,0.01,0.01,0.0,0,6000,1,60
2008-07-22,0.01,0.01,0.01,0.01,0.0,0,6000,1,60
2008-07-23,0.0,0.0,0.0,0.0,0.0,0,0,0,0
2008-07-24,0.01,0.01,0.01,0.01,0.0,0,3000,1,30
2008-07-25,0.0,0.0,0.0,0.0,0.0,0,0,0,0
2008-07-29,0.01,0.01,0.01,0.01,0.0,0,2000,1,20
2008-07-30,0.0,0.0,0.0,0.0,0.0,0,0,0,0
2008-07-31,0.01,0.01,0.01,0.01,0.0,0,2000,1,20
2008-08-01,0.0,0.01,0.0,0.0,0.0,0,0,0,0
2008-08-04,0.0,0.01,0.0,0.0,0.0,0,0,0,0
2008-08-05,0.0,0.01,0.0,0.0,0.0,0,0,0,0
2008-08-06,0.0,0.01,0.0,0.0,0.0,0,0,0,0
2008-08-07,0.0,0.0,0.0,0.0,0.0,0,0,0,0
2008-08-08,0.0,0.0,0.0,0.0,0.0,0,0,0,0
2008-08-11,0.01,0.01,0.01,0.01,0.0,0,3000,1,30
2008-08-12,0.0,0.0,0.0,0.0,0.0,0,0,0,0
2008-08-13,0.0,0.0,0.0,0.0,0.0,0,0,0,0
2008-08-14,0.0,0.0,0.0,0.0,0.0,0,0,0,0
2008-08-15,0.0,0.0,0.0,0.0,0.0,0,0,0,0
2008-08-18,0.01,0.01,0.01,0.01,0.0,0,3000,1,30
2008-08-19,0.01,0.01,0.01,0.01,0.0,0,1000,1,10
2008-08-20,0.01,0.01,0.01,0.01,0.0,0,1000,1,10
2008-08-21,0.0,0.0,0.0,0.0,0.0,0,0,0,0
2008-08-22,0.01,0.01,0.01,0.01,0.0,0,2000,1,20
2008-08-25,0.01,0.01,0.01,0.01,0.0,0,1000,1,10
2008-08-26,0.01,0.01,0.01,0.01,0.0,0,2000,1,20
2008-08-27,0.01,0.01,0.01,0.01,0.0,0,3000,1,30
2008-08-28,0.0,0.01,0.0,0.0,0.0,0,0,0,0
2008-08-29,0.01,0.01,0.01,0.01,0.0,0,51000,2,510
2008-09-01,0.0,0.01,0.0,0.0,0.0,0,0,0,0
2008-09-02,0.0,0.01,0.0,0.0,0.0,0,0,0,0
2008-09-03,0.0,0.01,0.0,0.0,0.0,0,0,0,0
2008-09-04,0.01,0.01,0.01,0.01,0.0,0,5000,4,50
2008-09-05,0.0,0.0,0.0,0.0,0.0,0,0,0,0
2008-09-08,0.0,0.01,0.0,0.0,0.0,0,0,0,0
2008-09-09,0.0,0.01,0.0,0.0,0.0,0,0,0,0
2008-09-10,0.0,0.01,0.0,0.0,0.0,0,0,0,0
2008-09-11,0.0,0.01,0.0,0.0,0.0,0,0,0,0
2008-09-12,0.0,0.01,0.0,0.0,0.0,0,0,0,0
2008-09-15,0.01,0.01,0.01,0.01,0.0,0,2000,1,20
2008-09-16,0.0,0.01,0.0,0.0,0.0,0,0,0,0
