date,OP,CP,HP,LP,DF,RD,TV,TC,TO
2014-08-19,1.3,1.34,1.34,1.3,0.11,1,289000,5,381080
2014-08-20,1.45,1.45,1.5,1.45,0.11,1,374000,6,546950
2014-08-21,1.4,1.43,1.43,1.4,-0.02,-1,184000,3,261350
2014-08-22,1.48,1.56,1.56,1.48,0.13,1,145000,3,216280
2014-08-29,1.57,1.57,1.57,1.57,0.03,1,10000,1,15700
2014-09-11,1.24,1.24,1.24,1.24,0.0,0,6000,1,7440
2014-09-24,1.22,1.25,1.25,1.22,0.17,1,311000,5,382740
2014-09-25,1.3,1.24,1.3,1.24,-0.01,-1,311000,9,399080
2014-09-26,1.08,1.22,1.22,1.08,-0.02,-1,300000,6,340000
2014-09-29,1.25,1.37,1.37,1.25,0.15,1,346000,6,436220
2014-09-30,1.29,1.19,1.29,1.19,-0.18,-1,130000,3,157700
2014-10-01,1.2,1.2,1.2,1.2,0.01,1,100000,1,120000
2014-10-02,1.14,1.14,1.14,1.14,-0.06,-1,100000,1,114000
2014-10-03,1.16,1.16,1.16,1.16,0.02,1,100000,1,116000
2014-10-06,1.2,1.22,1.22,1.2,0.06,1,117000,2,142540
2014-10-07,1.31,1.24,1.31,1.24,0.02,1,124000,3,161750
2014-10-08,1.3,1.3,1.3,1.3,0.06,1,100000,1,130000
2014-10-09,1.23,1.23,1.23,1.23,-0.07,-1,100000,1,123000
2014-10-13,1.06,1.09,1.09,1.06,-0.14,-1,15000,2,16050
2014-10-14,1.12,1.11,1.12,1.09,0.02,1,334000,4,373630
2014-10-15,1.16,1.12,1.16,1.12,0.01,1,414000,7,470960
2014-10-16,1.09,1.1,1.11,1.02,-0.02,-1,395000,12,434860
2014-10-17,1.14,0.94,1.14,0.9,-0.16,-1,600000,15,640220
2014-10-20,0.93,0.65,0.93,0.65,-0.29,-1,563000,12,451660
2014-10-21,0.59,0.69,0.69,0.59,0.04,1,414000,6,265520
2014-10-22,0.73,0.76,0.76,0.73,0.07,1,308000,3,225140
2014-10-23,0.85,0.96,0.96,0.83,0.2,1,611000,11,543230
2014-10-24,0.92,0.88,0.92,0.83,-0.08,-1,531000,10,476160
2014-10-27,0.81,0.65,0.81,0.65,-0.23,-1,151000,6,110500
2014-10-28,0.72,0.76,0.76,0.72,0.11,1,165000,6,121800
2014-10-29,0.79,0.8,0.8,0.79,0.04,1,60000,2,47500
2014-10-30,0.78,0.82,0.86,0.78,0.02,1,449000,10,368560
2014-10-31,0.81,0.89,0.92,0.79,0.07,1,2067000,19,1827460
2014-11-03,0.88,0.85,0.9,0.85,-0.04,-1,1323000,16,1162380
2014-11-04,0.84,0.83,0.84,0.82,-0.02,-1,169000,4,140570
2014-11-05,0.83,0.82,0.83,0.81,-0.01,-1,130000,3,106500
2014-11-06,0.84,0.71,0.84,0.7,-0.11,-1,818000,15,647420
2014-11-07,0.7,0.69,0.7,0.66,-0.02,-1,121000,4,81080
2014-11-10,0.67,0.66,0.67,0.66,-0.03,-1,103000,3,68910
2014-11-11,0.7,0.73,0.73,0.7,0.07,1,1729000,15,1238360
2014-11-12,0.73,0.66,0.73,0.66,-0.07,-1,971000,13,699010
2014-11-13,0.67,0.67,0.67,0.67,0.01,1,10000,1,6700
2014-11-14,0.64,0.64,0.66,0.64,-0.03,-1,828000,9,539080
2014-11-17,0.59,0.6,0.6,0.59,-0.04,-1,50000,3,29900
2014-11-18,0.6,0.52,0.6,0.51,-0.08,-1,70000,5,38900
2014-11-20,0.56,0.65,0.65,0.56,0.1,1,323000,6,202010
2014-11-21,0.61,0.59,0.61,0.59,-0.06,-1,232000,3,141320
2014-11-24,0.58,0.55,0.58,0.54,-0.04,-1,40000,4,22300
2014-11-25,0.55,0.56,0.57,0.55,0.01,1,289000,4,161540
2014-11-26,0.56,0.54,0.6,0.54,-0.02,-1,518000,7,294860
2014-11-27,0.57,0.55,0.57,0.55,0.01,1,279000,4,158230
2014-11-28,0.56,0.52,0.56,0.52,-0.03,-1,71000,6,38160
2014-12-01,0.48,0.49,0.52,0.48,-0.03,-1,249000,6,128580
2014-12-02,0.48,0.6,0.6,0.48,0.11,1,359000,10,187620
2014-12-03,0.57,0.59,0.62,0.57,-0.01,-1,150000,7,87500
2014-12-04,0.63,0.57,0.63,0.57,-0.02,-1,100000,5,60900
2014-12-05,0.58,0.57,0.58,0.57,0.0,0,70000,3,40500
2014-12-08,0.61,1.0,1.0,0.61,0.43,1,770000,29,543120
2014-12-09,0.73,0.7,0.77,0.69,-0.3,-1,1864000,34,1351280
2014-12-10,0.75,0.87,0.92,0.75,0.17,1,3735000,63,3214450
2014-12-11,0.84,0.9,0.91,0.78,0.03,1,2789000,58,2356320
2014-12-12,1.04,1.04,1.07,0.97,0.14,1,5005000,79,5078900
2014-12-15,0.96,1.01,1.1,0.92,-0.03,-1,2902000,57,3007590
2014-12-16,1.15,0.95,1.2,0.88,-0.06,-1,1060000,43,1048290
2014-12-17,0.87,0.87,0.95,0.83,-0.08,-1,1191000,22,1019130
2014-12-18,0.89,0.84,0.9,0.83,-0.03,-1,60000,7,52050
2014-12-19,0.73,0.83,0.83,0.67,-0.01,-1,1414000,26,963140
2014-12-22,0.74,0.99,1.07,0.74,0.16,1,689000,8,637530
2014-12-23,0.86,0.84,0.88,0.84,-0.15,-1,121000,3,102240
2014-12-24,0.83,0.83,0.83,0.83,-0.01,-1,10000,1,8300
2014-12-26,0.9,0.97,0.99,0.9,0.16,1,3704000,42,3459060
2014-12-27,0.97,1.04,1.04,0.97,0.07,1,200000,8,203100
2014-12-29,1.09,1.09,1.17,1.09,0.05,1,450000,12,505010
2014-12-30,1.02,1.0,1.02,0.98,-0.09,-1,68000,6,67960
2014-12-31,1.09,1.12,1.12,1.09,0.12,1,83000,7,90620
2015-01-05,1.32,1.18,1.32,1.14,0.06,1,31000,4,36980
2015-01-06,1.12,1.01,1.12,0.96,-0.17,-1,82000,12,81770
2015-01-07,1.0,1.03,1.08,1.0,0.02,1,32000,5,32730
2015-01-08,1.16,1.14,1.2,1.12,0.11,1,91000,8,103130
2015-01-09,1.13,1.06,1.13,1.06,-0.08,-1,562000,16,626920
2015-01-12,1.12,1.2,1.2,1.12,0.14,1,110000,2,131200
2015-01-13,1.02,1.02,1.02,1.02,-0.18,-1,5000,1,5100
2015-01-14,1.18,1.18,1.18,1.18,0.16,1,100000,1,118000
2015-01-15,1.05,1.05,1.05,1.05,-0.13,-1,110000,3,115500
2015-01-16,1.05,1.05,1.21,1.05,0.0,0,76000,4,88070
2015-01-19,1.14,0.96,1.14,0.93,-0.09,-1,87000,11,84920
2015-01-20,0.99,1.01,1.01,0.99,0.05,1,415000,8,410890
2015-01-21,0.97,1.03,1.03,0.97,0.02,1,295000,5,295900
2015-01-22,1.01,0.96,1.01,0.95,-0.07,-1,204000,4,196900
2015-01-23,0.96,0.94,0.96,0.91,-0.02,-1,488000,10,454480
2015-01-26,0.9,0.94,1.09,0.9,0.0,0,501000,14,509640
2015-01-27,0.84,0.81,0.86,0.81,-0.13,-1,293000,14,243670
2015-01-28,0.84,0.68,0.84,0.6,-0.13,-1,218000,14,148730
2015-01-29,0.63,0.69,0.69,0.61,0.01,1,466000,14,300380
2015-01-30,0.65,0.73,0.73,0.65,0.04,1,46000,5,30520
2015-02-02,0.68,0.7,0.7,0.68,-0.03,-1,55000,2,37500
2015-02-05,0.44,0.51,0.51,0.44,-0.04,-1,10000,2,4750
2015-02-12,0.1,0.12,0.12,0.1,-0.04,-1,60000,2,6200
2015-02-24,0.14,0.14,0.14,0.14,-0.01,-1,10000,1,1400
2015-02-26,0.28,0.26,0.28,0.26,0.01,1,25000,2,6900
2015-03-02,0.15,0.15,0.15,0.15,-0.11,-1,20000,1,3000
2015-03-04,0.11,0.1,0.11,0.1,-0.03,-1,52000,2,5400
2015-03-06,0.08,0.08,0.08,0.08,-0.02,-1,5000,1,400
