date,OP,CP,HP,LP,DF,RD,TV,TC,TO
2008-05-06,2.16,1.95,2.16,1.9,-0.19,-1,1067000,83,2116850
2008-05-07,2.04,2.37,2.43,2.0,0.42,1,1406000,103,3050770
2008-05-08,2.33,2.48,2.5,2.19,0.11,1,1393000,120,3227020
2008-05-09,2.49,2.08,2.64,2.08,-0.4,-1,1423000,114,3360830
2008-05-12,2.1,1.92,2.12,1.8,-0.16,-1,1142000,95,2185550
2008-05-13,1.93,1.95,2.0,1.89,0.03,1,1095000,85,2129420
2008-05-14,1.95,2.13,2.18,1.9,0.18,1,1163000,95,2326300
2008-05-15,2.15,2.15,2.26,2.05,0.02,1,872000,87,1872830
2008-05-16,2.2,2.05,2.25,2.05,-0.1,-1,1214000,94,2613070
2008-05-19,2.13,2.05,2.16,1.9,0.0,0,1411000,113,2886380
2008-05-20,2.17,2.05,2.2,1.95,0.0,0,1619000,145,3320040
2008-05-21,2.05,2.05,2.25,2.05,0.0,0,1552000,134,3328320
2008-05-22,1.97,1.84,2.05,1.84,-0.21,-1,992000,92,1931580
2008-05-23,1.85,1.9,2.03,1.84,0.06,1,994000,91,1946650
2008-05-26,1.82,1.59,1.82,1.55,-0.31,-1,1079000,95,1805030
2008-05-27,1.69,1.57,1.69,1.5,-0.02,-1,1046000,89,1642080
2008-05-28,1.56,1.55,1.8,1.55,-0.02,-1,1239000,94,2063160
2008-05-29,1.58,1.59,1.72,1.55,0.04,1,929000,78,1514000
2008-05-30,1.68,1.51,1.68,1.48,-0.08,-1,832000,77,1305270
2008-06-02,1.51,1.55,1.65,1.5,0.04,1,1043000,93,1640070
2008-06-03,1.53,1.4,1.55,1.34,-0.15,-1,1050000,78,1498110
2008-06-04,1.35,1.42,1.46,1.33,0.02,1,1049000,75,1463000
2008-06-05,1.38,1.5,1.55,1.31,0.08,1,1048000,82,1461570
2008-06-06,1.65,1.65,1.7,1.48,0.15,1,1117000,95,1799110
2008-06-09,1.42,1.5,1.55,1.35,-0.15,-1,727000,57,1041580
2008-06-10,1.54,1.45,1.69,1.45,-0.05,-1,1188000,96,1858010
2008-06-11,1.51,1.18,1.51,1.18,-0.27,-1,980000,75,1238870
2008-06-12,1.01,0.8,1.01,0.8,-0.38,-1,681000,55,580530
2008-06-13,0.9,0.9,0.95,0.83,0.1,1,738000,52,658260
2008-06-16,0.96,0.9,1.07,0.9,0.0,0,955000,73,959820
2008-06-17,0.92,0.95,0.97,0.85,0.05,1,921000,66,822310
2008-06-18,0.94,1.1,1.14,0.94,0.15,1,1011000,80,1088940
2008-06-19,1.1,1.04,1.15,0.96,-0.06,-1,1096000,82,1138130
2008-06-20,1.05,1.02,1.1,0.93,-0.02,-1,947000,73,954210
2008-06-23,0.48,0.66,0.75,0.48,-0.36,-1,837000,70,574820
2008-06-24,0.64,0.63,0.75,0.6,-0.03,-1,986000,77,677460
2008-06-25,0.75,0.64,0.75,0.58,0.01,1,678000,56,441290
2008-06-26,0.66,0.67,0.74,0.63,0.03,1,518000,58,354130
2008-06-27,0.47,0.48,0.57,0.41,-0.19,-1,444000,38,210180
2008-06-30,0.49,0.57,0.62,0.49,0.09,1,878000,72,492660
2008-07-01,0.58,0.42,0.65,0.42,-0.15,-1,883000,66,469490
2008-07-02,0.43,0.5,0.54,0.43,0.08,1,948000,67,479410
2008-07-03,0.43,0.55,0.55,0.37,0.05,1,912000,57,423970
2008-07-04,0.6,0.53,0.6,0.5,-0.02,-1,782000,62,421920
2008-07-07,0.53,0.63,0.7,0.53,0.1,1,426000,45,271110
2008-07-08,0.51,0.39,0.58,0.39,-0.24,-1,685000,44,357070
2008-07-09,0.51,0.42,0.56,0.42,0.03,1,832000,66,420630
2008-07-10,0.42,0.37,0.42,0.32,-0.05,-1,1003000,72,354680
2008-07-11,0.42,0.38,0.46,0.38,0.01,1,233000,24,96420
2008-07-14,0.36,0.25,0.4,0.25,-0.13,-1,780000,58,250490
2008-07-15,0.1,0.12,0.22,0.1,-0.13,-1,531000,33,75010
2008-07-16,0.16,0.12,0.16,0.08,0.0,0,493000,22,50420
2008-07-17,0.14,0.18,0.19,0.14,0.06,1,208000,22,34650
2008-07-18,0.23,0.22,0.3,0.22,0.04,1,363000,32,93660
2008-07-21,0.25,0.2,0.26,0.18,-0.02,-1,765000,57,157830
2008-07-22,0.19,0.2,0.25,0.18,0.0,0,934000,62,202660
2008-07-23,0.24,0.27,0.31,0.23,0.07,1,855000,57,232410
2008-07-24,0.28,0.25,0.3,0.24,-0.02,-1,402000,28,106300
2008-07-25,0.24,0.22,0.24,0.2,-0.03,-1,491000,20,105570
2008-07-29,0.21,0.18,0.22,0.18,-0.04,-1,793000,54,152240
2008-07-30,0.3,0.24,0.3,0.22,0.06,1,829000,49,191060
2008-07-31,0.2,0.15,0.24,0.15,-0.09,-1,934000,65,167570
2008-08-01,0.13,0.14,0.15,0.12,-0.01,-1,651000,46,87630
2008-08-04,0.15,0.12,0.15,0.11,-0.02,-1,549000,38,70840
2008-08-05,0.13,0.09,0.14,0.09,-0.03,-1,416000,28,47820
2008-08-06,0.2,0.17,0.23,0.15,0.08,1,638000,51,115200
2008-08-07,0.19,0.18,0.22,0.18,0.01,1,352000,29,67050
2008-08-08,0.15,0.18,0.22,0.15,0.0,0,374000,29,68770
2008-08-11,0.25,0.16,0.25,0.16,-0.02,-1,724000,46,131250
2008-08-12,0.18,0.14,0.18,0.14,-0.02,-1,187000,17,29190
2008-08-13,0.14,0.1,0.15,0.1,-0.04,-1,828000,51,103210
2008-08-14,0.1,0.13,0.15,0.09,0.03,1,338000,26,46210
2008-08-15,0.14,0.1,0.14,0.1,-0.03,-1,652000,44,75480
2008-08-18,0.12,0.12,0.14,0.09,0.02,1,220000,16,25950
2008-08-19,0.07,0.08,0.1,0.07,-0.04,-1,406000,36,37940
2008-08-20,0.08,0.08,0.1,0.07,0.0,0,314000,27,25690
2008-08-21,0.1,0.08,0.1,0.06,0.0,0,666000,45,43520
2008-08-22,0.09,0.06,0.09,0.06,-0.02,-1,729000,45,54870
2008-08-25,0.09,0.05,0.09,0.05,-0.01,-1,143000,13,9620
2008-08-26,0.05,0.05,0.06,0.04,0.0,0,113000,11,5450
2008-08-27,0.07,0.05,0.09,0.05,0.0,0,85000,11,6330
2008-08-28,0.06,0.05,0.06,0.05,0.0,0,78000,5,4380
2008-08-29,0.09,0.08,0.09,0.06,0.03,1,90000,7,6920
2008-09-01,0.06,0.05,0.06,0.05,-0.03,-1,58000,11,3080
2008-09-02,0.05,0.03,0.06,0.03,-0.02,-1,126000,7,5710
2008-09-03,0.04,0.02,0.04,0.02,-0.01,-1,91000,8,2520
2008-09-04,0.01,0.03,0.03,0.01,0.01,1,42000,3,520
2008-09-05,0.03,0.04,0.05,0.02,0.01,1,80000,5,2950
2008-09-08,0.38,0.1,0.38,0.1,0.06,1,75000,6,12850
2008-09-09,0.08,0.02,0.08,0.02,-0.08,-1,83000,6,5260
2008-09-10,0.07,0.07,0.07,0.05,0.05,1,58000,6,3860
2008-09-11,0.06,0.05,0.06,0.05,-0.02,-1,38000,2,2000
2008-09-12,0.01,0.03,0.03,0.01,-0.02,-1,26000,3,580
2008-09-15,0.05,0.01,0.05,0.01,-0.02,-1,20000,2,600
2008-09-16,0.0,0.0,0.0,0.0,0.0,0,0,0,0
2008-09-17,0.01,0.01,0.01,0.01,0.0,0,20000,3,200
2008-09-18,0.01,0.02,0.02,0.01,0.01,1,15000,2,200
2008-09-19,0.0,0.0,0.0,0.0,0.0,0,0,0,0
2008-09-22,0.01,0.01,0.01,0.01,-0.01,-1,15000,2,150
2008-09-23,0.01,0.01,0.01,0.01,0.0,0,105000,6,1050
2008-09-24,0.05,0.01,0.05,0.01,0.0,0,60000,3,1400
2008-09-25,0.01,0.01,0.01,0.01,0.0,0,20000,2,200
2008-09-26,0.01,0.01,0.01,0.01,0.0,0,60000,4,600
2008-09-30,0.01,0.01,0.01,0.01,0.0,0,58000,6,580
2008-10-01,0.01,0.01,0.01,0.01,0.0,0,45000,6,450
2008-10-02,0.01,0.01,0.03,0.01,0.0,0,35000,6,410
2008-10-03,0.01,0.01,0.01,0.01,0.0,0,51000,3,510
2008-10-06,0.01,0.01,0.01,0.01,0.0,0,57000,7,570
2008-10-07,0.01,0.01,0.01,0.01,0.0,0,79000,6,790
2008-10-08,0.01,0.01,0.01,0.01,0.0,0,18000,3,180
2008-10-09,0.01,0.01,0.01,0.01,0.0,0,11000,1,110
2008-10-13,0.01,0.01,0.01,0.01,0.0,0,33000,2,330
2008-10-14,0.01,0.01,0.01,0.01,0.0,0,30000,1,300
2008-10-15,0.0,0.0,0.0,0.0,0.0,0,0,0,0
2008-10-16,0.0,0.01,0.0,0.0,0.0,0,0,0,0
2008-10-17,0.0,0.0,0.0,0.0,0.0,0,0,0,0
2008-10-20,0.0,0.01,0.0,0.0,0.0,0,0,0,0
2008-10-21,0.01,0.01,0.01,0.01,0.0,0,30000,1,300
2008-10-22,0.01,0.01,0.01,0.01,0.0,0,10000,2,100
2008-10-23,0.0,0.01,0.0,0.0,0.0,0,0,0,0
2008-10-24,0.0,0.01,0.0,0.0,0.0,0,0,0,0
2008-10-27,0.0,0.01,0.0,0.0,0.0,0,0,0,0
2008-10-28,0.0,0.01,0.0,0.0,0.0,0,0,0,0
2008-10-29,0.01,0.01,0.01,0.01,0.0,0,10000,1,100
2008-10-30,0.0,0.01,0.0,0.0,0.0,0,0,0,0
2008-10-31,0.0,0.01,0.0,0.0,0.0,0,0,0,0
