date,OP,CP,HP,LP,DF,RD,TV,TC,TO
2014-10-21,0.4,0.42,0.42,0.4,0.02,1,208000,2,83400
2014-10-22,0.47,0.5,0.5,0.47,0.08,1,307000,2,150530
2014-10-23,0.45,0.45,0.45,0.45,-0.05,-1,99000,2,44550
2014-10-31,0.4,0.38,0.4,0.38,-0.01,-1,2000,2,780
2014-11-03,0.4,0.43,0.43,0.4,0.05,1,2000,2,830
2014-11-07,0.49,0.49,0.49,0.49,0.01,1,200000,1,98000
2014-11-10,0.49,0.54,0.54,0.49,0.05,1,299000,2,156510
2014-11-11,0.5,0.5,0.5,0.5,-0.04,-1,99000,2,49500
2014-11-14,0.39,0.39,0.39,0.39,-0.01,-1,99000,1,38610
2014-11-17,0.38,0.39,0.39,0.38,0.0,0,99000,2,38500
2014-11-24,0.36,0.36,0.36,0.36,-0.01,-1,209000,1,75240
2014-11-25,0.38,0.38,0.38,0.38,0.02,1,209000,1,79420
2014-12-02,0.42,0.4,0.43,0.4,0.02,1,325000,7,133350
2014-12-03,0.44,0.4,0.44,0.4,0.0,0,279000,7,115980
2014-12-04,0.43,0.49,0.53,0.43,0.09,1,945000,10,467460
2014-12-05,0.5,0.56,0.56,0.48,0.07,1,576000,4,288000
2014-12-08,0.49,0.55,0.55,0.47,-0.01,-1,1732000,18,906270
2014-12-09,0.58,0.6,0.62,0.54,0.05,1,1609000,26,971960
2014-12-10,0.52,0.53,0.54,0.52,-0.07,-1,448000,5,236000
2014-12-11,0.46,0.45,0.46,0.45,-0.08,-1,747000,10,341250
2014-12-12,0.48,0.54,0.54,0.48,0.09,1,492000,4,244940
2014-12-15,0.59,0.6,0.6,0.54,0.06,1,1015000,23,593500
2014-12-16,0.53,0.52,0.55,0.52,-0.08,-1,113000,9,59610
2014-12-17,0.56,0.56,0.6,0.54,0.04,1,696000,12,385550
2014-12-18,0.56,0.57,0.63,0.56,0.01,1,1415000,31,853820
2014-12-19,0.8,0.66,0.82,0.64,0.09,1,2072000,79,1484140
2014-12-22,0.69,0.69,0.74,0.68,0.03,1,368000,28,256140
2014-12-23,0.72,0.67,0.72,0.66,-0.02,-1,204000,18,141050
2014-12-24,0.77,0.72,0.77,0.72,0.05,1,443000,12,320210
2014-12-25,0.68,0.65,0.69,0.65,-0.07,-1,95000,8,63950
2014-12-26,0.67,0.66,0.67,0.66,0.01,1,152000,7,101340
2014-12-27,0.68,0.76,0.77,0.68,0.1,1,275000,21,197700
2014-12-29,0.77,0.91,0.91,0.75,0.15,1,496000,31,413620
2014-12-30,0.95,0.89,0.95,0.88,-0.02,-1,68000,7,62690
2014-12-31,0.93,1.03,1.03,0.93,0.14,1,54000,8,50840
2015-01-05,1.03,1.26,1.27,1.03,0.23,1,96000,11,106550
2015-01-06,1.15,0.98,1.18,0.92,-0.28,-1,407000,22,423440
2015-01-07,1.05,1.04,1.05,0.96,0.06,1,200000,15,204870
2015-01-08,1.12,1.01,1.14,1.01,-0.03,-1,82000,8,86880
2015-01-09,1.09,1.07,1.13,1.06,0.06,1,90000,8,96710
2015-01-12,1.0,0.89,1.0,0.89,-0.18,-1,86000,14,81970
2015-01-13,0.85,0.88,0.88,0.82,-0.01,-1,70000,9,60100
2015-01-14,0.96,1.2,1.2,0.96,0.32,1,160000,27,169100
2015-01-15,1.18,1.06,1.18,1.06,-0.14,-1,109000,13,120940
2015-01-16,0.97,0.87,0.97,0.87,-0.19,-1,22000,4,20180
2015-01-19,0.87,0.83,0.89,0.83,-0.04,-1,42000,7,36140
2015-01-20,0.93,0.95,0.97,0.93,0.12,1,122000,15,115920
2015-01-21,0.89,0.86,0.89,0.84,-0.09,-1,151000,9,128690
2015-01-22,0.89,0.92,0.97,0.88,0.06,1,131000,17,122200
2015-01-23,0.98,1.15,1.26,0.98,0.23,1,282000,25,311150
2015-01-26,1.09,1.05,1.09,1.05,-0.1,-1,93000,6,98770
2015-01-27,1.16,1.11,1.26,1.11,0.06,1,112000,12,135120
2015-01-28,1.09,1.09,1.09,1.09,-0.02,-1,5000,1,5450
2015-01-29,1.06,1.09,1.09,1.06,0.0,0,20000,4,21350
2015-01-30,1.21,1.14,1.21,1.14,0.05,1,30000,4,34850
2015-02-02,1.11,0.93,1.11,0.92,-0.21,-1,120000,13,116150
2015-02-03,0.88,0.94,0.94,0.88,0.01,1,130000,13,119500
2015-02-04,0.97,0.94,1.02,0.94,0.0,0,115000,12,112750
2015-02-05,0.93,0.91,0.93,0.91,-0.03,-1,25000,3,23150
2015-02-06,0.82,0.82,0.82,0.82,-0.09,-1,5000,1,4100
2015-02-10,0.8,0.78,0.8,0.78,-0.03,-1,60000,2,47000
2015-02-11,0.82,0.8,0.83,0.8,0.02,1,30000,4,24450
2015-02-12,0.78,0.75,0.78,0.75,-0.05,-1,25000,3,18900
2015-02-13,0.76,0.76,0.76,0.76,0.01,1,160000,1,121600
2015-02-24,0.8,0.85,0.91,0.73,0.09,1,195000,14,159200
2015-02-25,0.91,0.86,0.91,0.86,0.01,1,85000,3,76400
2015-02-26,0.92,0.93,0.93,0.92,0.07,1,30000,3,27700
2015-03-02,0.93,0.89,1.0,0.89,-0.04,-1,52000,6,48500
2015-03-03,0.81,0.83,0.84,0.8,-0.06,-1,70000,6,57600
2015-03-04,0.86,0.86,0.89,0.81,0.03,1,100000,10,85000
2015-03-05,0.89,0.86,0.89,0.85,0.0,0,70000,4,61600
2015-03-06,0.9,0.87,0.9,0.87,0.01,1,185000,6,162620
2015-03-09,0.8,0.8,0.8,0.78,-0.07,-1,36000,4,28300
2015-03-10,0.85,1.05,1.05,0.85,0.25,1,67000,8,64530
2015-03-11,0.96,0.92,0.96,0.92,-0.13,-1,37000,3,35480
2015-03-12,0.91,0.88,0.91,0.88,-0.04,-1,50000,5,45000
2015-03-13,0.91,0.96,0.96,0.91,0.08,1,40000,4,37900
2015-03-16,0.85,0.85,0.85,0.85,-0.11,-1,10000,1,8500
2015-03-17,0.87,0.82,0.87,0.82,-0.03,-1,16000,3,13370
2015-03-18,0.99,1.25,1.25,0.99,0.43,1,77000,7,86030
2015-03-19,1.31,1.69,1.69,1.31,0.44,1,16000,2,23240
2015-03-20,1.76,1.76,1.76,1.76,0.07,1,1000,1,1760
2015-03-23,1.67,1.67,1.67,1.67,-0.09,-1,11000,2,18370
2015-03-24,1.5,1.65,1.65,1.5,-0.02,-1,40000,2,64500
2015-04-01,1.16,1.16,1.16,1.16,0.06,1,10000,1,11600
2015-04-02,1.61,1.63,1.63,1.61,0.47,1,30000,3,48600
2015-04-07,1.63,1.63,1.63,1.63,0.0,0,20000,2,32600
2015-04-10,1.27,1.21,1.27,1.21,0.11,1,24000,3,30240
