date,OP,CP,HP,LP,DF,RD,TV,TC,TO
2008-05-26,3.59,3.0,3.59,3.0,-0.13,-1,5717000,289,20507450
2008-05-27,3.0,2.9,3.03,2.89,-0.1,-1,421000,54,1233300
2008-05-28,2.9,2.32,2.9,2.32,-0.58,-1,453000,62,1211340
2008-05-29,2.6,2.05,2.6,2.05,-0.27,-1,615000,82,1452930
2008-05-30,2.19,1.93,2.19,1.75,-0.12,-1,482000,65,915020
2008-06-02,1.92,1.99,1.99,1.79,0.06,1,510000,67,965290
2008-06-03,1.91,1.98,2.05,1.91,-0.01,-1,576000,78,1134920
2008-06-04,1.98,2.16,2.26,1.96,0.18,1,524000,72,1088690
2008-06-05,2.25,2.51,2.51,2.11,0.35,1,659000,95,1520570
2008-06-06,2.5,2.37,2.5,2.37,-0.14,-1,489000,65,1191000
2008-06-09,2.14,2.05,2.14,2.04,-0.32,-1,533000,62,1120510
2008-06-10,2.08,1.95,2.24,1.95,-0.1,-1,781000,102,1613640
2008-06-11,2.0,1.78,2.0,1.78,-0.17,-1,572000,84,1055210
2008-06-12,1.75,1.39,1.75,1.39,-0.39,-1,570000,69,875870
2008-06-13,1.39,1.35,1.39,1.12,-0.04,-1,521000,69,662120
2008-06-16,1.36,1.26,1.4,1.26,-0.09,-1,564000,77,769790
2008-06-17,1.31,1.78,1.8,1.31,0.52,1,762000,88,1159860
2008-06-18,1.63,1.66,1.76,1.55,-0.12,-1,751000,103,1281960
2008-06-19,1.58,1.66,1.68,1.56,0.0,0,587000,85,959550
2008-06-20,1.66,2.13,2.5,1.66,0.47,1,1818000,168,3678520
2008-06-23,2.0,1.8,2.0,1.71,-0.33,-1,1939000,176,3430200
2008-06-24,1.83,1.88,2.08,1.8,0.08,1,1702000,184,3321700
2008-06-25,1.87,1.52,1.87,1.29,-0.36,-1,1726000,163,2648750
2008-06-26,1.49,1.53,1.64,1.28,0.01,1,658000,82,994330
2008-06-27,1.42,1.2,1.42,1.11,-0.33,-1,511000,64,637620
2008-06-30,1.25,1.05,1.25,1.0,-0.15,-1,519000,85,587870
2008-07-01,1.03,1.0,1.12,0.9,-0.05,-1,679000,95,677990
2008-07-02,1.0,1.28,1.3,1.0,0.28,1,813000,95,959140
2008-07-03,1.24,1.4,1.4,1.12,0.12,1,557000,89,689530
2008-07-04,1.38,1.68,1.7,1.37,0.28,1,518000,62,799130
2008-07-07,1.67,2.0,2.26,1.58,0.32,1,677000,91,1182660
2008-07-08,1.96,1.7,1.96,1.7,-0.3,-1,448000,59,800530
2008-07-09,1.71,1.82,1.95,1.71,0.12,1,578000,96,1082150
2008-07-10,1.79,1.9,1.99,1.72,0.08,1,410000,52,767340
2008-07-11,1.89,2.34,2.34,1.89,0.44,1,538000,67,1071170
2008-07-14,2.27,2.22,2.27,2.18,-0.12,-1,449000,59,1011520
2008-07-15,2.19,2.08,2.19,2.08,-0.14,-1,48000,9,102150
2008-07-16,2.42,1.9,2.42,1.9,-0.18,-1,333000,43,762580
2008-07-17,1.9,2.0,2.0,1.9,0.1,1,386000,45,733900
2008-07-18,2.0,1.82,2.12,1.82,-0.18,-1,273000,35,557000
2008-07-21,1.9,1.9,1.9,1.9,0.08,1,373000,45,708700
2008-07-22,1.9,2.01,2.16,1.9,0.11,1,340000,46,702350
2008-07-23,2.01,2.0,2.01,2.0,-0.01,-1,351000,38,702120
2008-07-24,2.0,2.1,2.1,1.93,0.1,1,342000,41,698870
2008-07-25,2.1,1.6,2.1,1.6,-0.5,-1,427000,47,850200
2008-07-29,1.8,1.78,1.8,1.34,0.18,1,296000,41,437290
2008-07-30,2.26,2.15,2.26,2.02,0.37,1,211000,32,434730
2008-07-31,2.15,1.07,2.15,1.05,-1.08,-1,271000,36,465500
2008-08-01,1.07,1.31,1.31,1.07,0.24,1,280000,39,299840
2008-08-04,1.31,0.62,1.31,0.61,-0.69,-1,457000,49,463570
2008-08-05,0.61,0.99,1.17,0.61,0.37,1,439000,55,318450
2008-08-06,0.99,1.1,1.12,0.91,0.11,1,221000,32,223760
2008-08-07,1.1,1.38,1.4,1.1,0.28,1,156000,21,192560
2008-08-08,1.4,1.39,1.4,1.39,0.01,1,67000,7,93230
2008-08-11,1.39,1.29,1.39,1.29,-0.1,-1,310000,40,405240
2008-08-12,1.29,1.35,1.4,1.29,0.06,1,84000,8,113540
2008-08-13,1.46,1.46,1.46,1.46,0.11,1,130000,13,189800
2008-08-14,1.46,1.43,1.46,1.43,-0.03,-1,181000,22,262750
2008-08-15,1.4,1.0,1.45,0.9,-0.43,-1,111000,18,130910
2008-08-18,1.04,1.0,1.08,0.95,0.0,0,452000,59,455840
2008-08-19,0.96,1.05,1.23,0.96,0.05,1,571000,72,629820
2008-08-20,1.0,1.17,1.17,0.98,0.12,1,541000,77,555110
2008-08-21,1.17,1.13,1.17,1.1,-0.04,-1,492000,60,566960
2008-08-22,1.15,0.99,1.15,0.95,-0.14,-1,595000,67,616710
2008-08-25,1.02,0.93,1.02,0.92,-0.06,-1,449000,62,422030
2008-08-26,0.87,0.9,0.93,0.87,-0.03,-1,504000,60,444530
2008-08-27,0.86,1.0,1.02,0.8,0.1,1,579000,73,512930
2008-08-28,0.96,0.88,0.96,0.85,-0.12,-1,416000,55,368750
2008-08-29,0.89,0.97,0.98,0.88,0.09,1,588000,68,558480
2008-09-01,0.92,0.68,0.92,0.68,-0.29,-1,565000,64,435200
2008-09-02,0.67,0.42,0.67,0.37,-0.26,-1,591000,71,292280
2008-09-03,0.42,0.28,0.42,0.26,-0.14,-1,577000,67,183140
2008-09-04,0.3,0.26,0.3,0.26,-0.02,-1,440000,53,125230
2008-09-05,0.25,0.39,0.47,0.25,0.13,1,500000,62,192040
2008-09-08,0.41,0.45,0.45,0.41,0.06,1,423000,55,182100
2008-09-09,0.44,0.41,0.44,0.37,-0.04,-1,478000,55,192070
2008-09-10,0.4,0.43,0.43,0.4,0.02,1,445000,57,185110
2008-09-11,0.42,0.35,0.52,0.35,-0.08,-1,319000,40,118440
2008-09-12,0.32,0.25,0.32,0.25,-0.1,-1,440000,52,124080
2008-09-15,0.18,0.15,0.18,0.15,-0.1,-1,361000,43,64380
2008-09-16,0.14,0.11,0.14,0.11,-0.04,-1,146000,18,20200
2008-09-17,0.12,0.14,0.16,0.12,0.03,1,55000,4,7590
2008-09-18,0.16,0.07,0.16,0.07,-0.07,-1,16000,2,1840
2008-09-19,0.12,0.12,0.12,0.12,0.05,1,4000,1,480
2008-09-22,0.25,0.2,0.26,0.2,0.08,1,324000,43,72070
2008-09-23,0.18,0.17,0.18,0.17,-0.03,-1,329000,44,58910
2008-09-24,0.19,0.19,0.22,0.14,0.02,1,341000,38,63680
2008-09-25,0.19,0.15,0.2,0.15,-0.04,-1,381000,51,73970
2008-09-26,0.14,0.1,0.14,0.1,-0.05,-1,368000,45,37080
2008-09-30,0.05,0.01,0.05,0.01,-0.09,-1,25000,2,1050
2008-10-01,0.01,0.01,0.01,0.01,0.0,0,10000,1,100
2008-10-02,0.01,0.01,0.01,0.01,0.0,0,9000,1,90
2008-10-03,0.02,0.02,0.02,0.02,0.01,1,15000,1,300
2008-10-06,0.01,0.01,0.01,0.01,-0.01,-1,5000,1,50
2008-10-07,0.01,0.01,0.01,0.01,0.0,0,15000,1,150
2008-10-08,0.0,0.0,0.0,0.0,0.0,0,0,0,0
2008-10-09,0.02,0.02,0.02,0.02,0.01,1,49000,4,980
2008-10-13,0.0,0.0,0.0,0.0,0.0,0,0,0,0
2008-10-14,0.01,0.01,0.01,0.01,-0.01,-1,10000,1,100
2008-10-15,0.0,0.0,0.0,0.0,0.0,0,0,0,0
2008-10-16,0.0,0.0,0.0,0.0,0.0,0,0,0,0
2008-10-17,0.0,0.0,0.0,0.0,0.0,0,0,0,0
2008-10-20,0.02,0.02,0.02,0.02,0.01,1,22000,1,440
2008-10-21,0.02,0.02,0.02,0.02,0.0,0,7000,2,140
2008-10-22,0.0,0.0,0.0,0.0,0.0,0,0,0,0
2008-10-23,0.0,0.0,0.0,0.0,0.0,0,0,0,0
2008-10-24,0.0,0.0,0.0,0.0,0.0,0,0,0,0
2008-10-27,0.01,0.01,0.01,0.01,-0.01,-1,5000,1,50
2008-10-28,0.02,0.02,0.02,0.02,0.01,1,33000,1,660
2008-10-29,0.0,0.0,0.0,0.0,0.0,0,0,0,0
2008-10-30,0.0,0.0,0.0,0.0,0.0,0,0,0,0
2008-10-31,0.0,0.0,0.0,0.0,0.0,0,0,0,0
2008-11-03,0.0,0.0,0.0,0.0,0.0,0,0,0,0
2008-11-04,0.0,0.0,0.0,0.0,0.0,0,0,0,0
2008-11-05,0.0,0.0,0.0,0.0,0.0,0,0,0,0
2008-11-06,0.0,0.01,0.0,0.0,-0.01,-1,0,0,0
2008-11-07,0.0,0.0,0.0,0.0,0.0,0,0,0,0
2008-11-10,0.0,0.0,0.0,0.0,0.0,0,0,0,0
2008-11-11,0.0,0.0,0.0,0.0,0.0,0,0,0,0
2008-11-12,0.0,0.0,0.0,0.0,0.0,0,0,0,0
2008-11-13,0.0,0.0,0.0,0.0,0.0,0,0,0,0
2008-11-14,0.0,0.0,0.0,0.0,0.0,0,0,0,0
2008-11-17,0.01,0.01,0.01,0.01,0.0,0,34000,3,340
2008-11-18,0.0,0.01,0.0,0.0,0.0,0,0,0,0
2008-11-19,0.0,0.01,0.0,0.0,0.0,0,0,0,0
2008-11-20,0.0,0.01,0.0,0.0,0.0,0,0,0,0
2008-11-21,0.0,0.01,0.0,0.0,0.0,0,0,0,0
