date,OP,CP,HP,LP,DF,RD,TV,TC,TO
2014-11-19,0.9,0.88,0.9,0.88,0.06,1,186000,4,167100
2014-11-20,0.92,0.96,1.0,0.92,0.08,1,198000,5,188320
2014-11-21,1.04,1.05,1.09,1.02,0.09,1,408000,13,428030
2014-11-24,1.03,1.0,1.09,1.0,-0.05,-1,430000,10,448930
2014-11-25,1.0,1.16,1.16,0.96,0.16,1,948000,19,1025720
2014-11-26,1.22,1.18,1.25,1.16,0.02,1,1410000,45,1716470
2014-11-27,1.2,1.17,1.26,1.17,-0.01,-1,1301000,39,1587750
2014-11-28,1.19,1.09,1.19,1.08,-0.08,-1,579000,13,670680
2014-12-01,0.98,1.2,1.2,0.98,0.11,1,719000,25,790950
2014-12-02,1.14,1.41,1.43,1.13,0.21,1,1725000,36,2219350
2014-12-03,1.6,1.8,1.8,1.6,0.39,1,1487000,41,2531050
2014-12-04,1.68,1.63,1.74,1.63,-0.17,-1,1387000,42,2311820
2014-12-05,1.65,1.77,1.91,1.65,0.14,1,844000,43,1510940
2014-12-08,1.93,1.99,2.09,1.89,0.22,1,121000,25,237460
2014-12-09,1.8,1.8,1.92,1.8,-0.19,-1,62000,9,114040
2014-12-10,1.96,1.84,1.96,1.84,0.04,1,11000,2,20960
2014-12-12,1.98,1.96,1.99,1.88,0.15,1,100000,10,192700
2014-12-15,1.98,2.01,2.01,1.98,0.05,1,17000,2,33810
2014-12-16,1.97,1.81,1.97,1.81,-0.2,-1,272000,5,507540
2014-12-17,1.78,1.7,1.78,1.7,-0.11,-1,63000,8,109330
2014-12-22,1.44,1.44,1.44,1.44,-0.03,-1,10000,1,14400
2014-12-23,1.67,1.77,1.79,1.67,0.33,1,32000,3,57000
2014-12-24,1.73,1.83,1.83,1.73,0.06,1,54000,5,96140
2014-12-25,1.91,1.91,1.91,1.91,0.08,1,5000,1,9550
2014-12-27,1.79,1.78,1.79,1.78,-0.04,-1,25000,2,44600
2014-12-31,1.86,1.76,1.86,1.76,-0.02,-1,20000,2,36700
2015-01-05,1.9,1.94,1.94,1.9,0.18,1,143000,7,276620
2015-01-06,1.79,1.72,1.79,1.72,-0.22,-1,68000,4,121110
2015-01-07,1.81,1.74,1.81,1.74,0.02,1,141000,4,247800
2015-01-09,1.99,2.08,2.17,1.99,0.34,1,205000,12,433190
2015-01-12,2.02,1.93,2.02,1.89,-0.15,-1,31000,4,61230
2015-01-13,2.06,2.06,2.06,2.06,0.13,1,1000,1,2060
2015-01-14,1.82,1.82,1.82,1.82,-0.24,-1,3000,1,5460
2015-01-15,2.08,1.98,2.08,1.98,0.16,1,22000,2,43760
2015-01-16,1.78,1.78,1.78,1.78,-0.2,-1,5000,1,8900
2015-01-19,1.67,1.59,1.67,1.59,-0.19,-1,12000,2,19400
2015-01-22,1.75,1.78,1.78,1.75,0.14,1,3000,2,5280
2015-01-26,1.59,1.59,1.59,1.59,-0.11,-1,5000,1,7950
2015-01-29,1.5,1.5,1.5,1.5,-0.15,-1,5000,1,7500
2015-02-02,1.45,1.45,1.45,1.45,-0.05,-1,3000,1,4350
2015-02-03,1.47,1.47,1.51,1.44,0.02,1,141000,7,208280
2015-02-04,1.47,1.48,1.49,1.47,0.01,1,138000,5,205340
2015-02-06,1.43,1.3,1.43,1.3,-0.18,-1,11000,2,14430
2015-02-09,1.13,1.13,1.13,1.13,-0.17,-1,10000,1,11300
2015-02-10,1.1,1.1,1.1,1.1,-0.03,-1,10000,1,11000
2015-02-11,0.93,0.93,0.93,0.93,-0.17,-1,1000,1,930
2015-02-25,0.98,0.99,0.99,0.98,0.13,1,70000,3,68800
2015-02-26,0.91,0.93,0.93,0.9,-0.06,-1,70000,3,64150
2015-03-02,0.96,0.96,0.96,0.96,0.03,1,7000,1,6720
2015-03-04,0.91,1.13,1.16,0.91,0.26,1,74000,8,73080
2015-03-05,1.12,1.08,1.12,1.08,-0.05,-1,62000,4,67660
2015-03-06,1.09,1.09,1.09,1.09,0.01,1,1000,1,1090
2015-03-09,1.11,1.22,1.32,1.11,0.13,1,1573000,33,1972250
2015-03-10,1.22,1.24,1.4,1.19,0.02,1,2072000,41,2758360
2015-03-11,1.09,1.1,1.14,1.07,-0.14,-1,479000,16,531050
2015-03-12,1.21,1.07,1.21,1.07,-0.03,-1,33000,4,37030
2015-03-13,1.13,1.13,1.13,1.12,0.06,1,53000,4,59590
2015-03-16,1.28,1.17,1.29,1.17,0.04,1,382000,16,483010
2015-03-17,1.22,1.11,1.22,1.09,-0.06,-1,178000,10,211480
2015-03-18,1.12,1.12,1.14,1.12,0.01,1,160000,3,179400
2015-03-19,1.19,1.12,1.19,1.12,0.0,0,20000,2,23100
2015-03-20,1.13,1.08,1.13,1.08,-0.04,-1,33000,3,36090
2015-03-24,1.03,0.97,1.03,0.97,-0.1,-1,45000,4,44350
2015-03-25,1.1,1.11,1.21,1.1,0.14,1,284000,37,329210
2015-03-26,1.05,1.06,1.06,1.03,-0.05,-1,120000,12,125360
2015-03-27,1.1,0.98,1.11,0.98,-0.08,-1,146000,11,147380
2015-03-30,0.87,0.72,0.87,0.72,-0.26,-1,180000,6,152900
2015-03-31,0.77,0.82,0.82,0.77,0.1,1,87000,6,68160
2015-04-01,0.64,0.63,0.64,0.63,-0.19,-1,30000,3,19030
2015-04-08,0.53,0.53,0.53,0.53,-0.14,-1,10000,1,5300
2015-04-09,0.57,0.58,0.58,0.57,0.05,1,12000,2,6860
2015-04-10,0.48,0.47,0.48,0.45,-0.11,-1,116000,4,52590
2015-04-14,0.55,0.55,0.55,0.55,0.02,1,70000,1,38500
2015-04-15,0.55,0.55,0.55,0.55,0.0,0,10000,1,5500
2015-04-17,0.45,0.45,0.45,0.45,-0.09,-1,6000,1,2700
