date,OP,CP,HP,LP,DF,RD,TV,TC,TO
2014-10-24,2.18,2.06,2.18,2.06,0.06,1,83000,12,173520
2014-10-27,2.0,2.2,2.2,2.0,0.14,1,501000,29,1068190
2014-10-28,2.2,1.86,2.2,1.85,-0.34,-1,2424000,101,4618690
2014-10-29,1.86,1.91,1.92,1.81,0.05,1,623000,45,1145210
2014-10-30,1.93,1.97,2.0,1.88,0.06,1,521000,27,1010770
2014-10-31,1.84,1.91,1.99,1.84,-0.06,-1,951000,42,1840070
2014-11-03,1.87,1.81,1.92,1.7,-0.1,-1,2492000,74,4509250
2014-11-04,1.73,1.6,1.76,1.5,-0.21,-1,1501000,117,2411540
2014-11-05,1.58,1.71,1.72,1.56,0.11,1,572000,65,945080
2014-11-06,1.65,1.81,1.81,1.63,0.1,1,1708000,79,2985430
2014-11-07,1.81,1.7,1.81,1.57,-0.11,-1,1294000,79,2157380
2014-11-10,1.7,1.73,1.9,1.7,0.03,1,1152000,62,2011190
2014-11-11,1.67,1.7,1.7,1.56,-0.03,-1,837000,58,1354170
2014-11-12,1.63,1.64,1.7,1.52,-0.06,-1,610000,68,985980
2014-11-13,1.61,1.66,1.71,1.58,0.02,1,756000,47,1250190
2014-11-14,1.64,1.64,1.67,1.61,-0.02,-1,677000,38,1110470
2014-11-17,1.6,1.59,1.66,1.59,-0.05,-1,311000,30,501640
2014-11-18,1.56,1.56,1.6,1.52,-0.03,-1,532000,32,827940
2014-11-19,1.57,1.52,1.57,1.52,-0.04,-1,230000,25,354330
2014-11-20,1.5,1.33,1.5,1.3,-0.19,-1,1308000,73,1742980
2014-11-21,1.32,1.42,1.48,1.32,0.09,1,2607000,62,3597620
2014-11-24,1.37,1.44,1.51,1.35,0.02,1,947000,41,1348030
2014-11-25,1.46,1.41,1.46,1.38,-0.03,-1,781000,35,1111200
2014-11-26,1.39,1.44,1.46,1.38,0.03,1,572000,20,819630
2014-11-27,1.38,1.6,1.6,1.37,0.16,1,270000,29,383230
2014-11-28,1.57,1.61,1.63,1.54,0.01,1,174000,16,274910
2014-12-01,1.64,1.55,1.64,1.55,-0.06,-1,53000,9,84250
2014-12-02,1.5,1.58,1.59,1.49,0.03,1,169000,16,266000
2014-12-03,1.49,1.36,1.49,1.36,-0.22,-1,116000,21,163700
2014-12-04,1.31,1.3,1.35,1.3,-0.06,-1,100000,12,132840
2014-12-05,1.39,1.33,1.39,1.33,0.03,1,2000,2,2720
2014-12-08,1.3,1.42,1.42,1.29,0.09,1,32000,7,42870
2014-12-09,1.29,1.38,1.41,1.29,-0.04,-1,69000,5,89570
2014-12-10,1.32,1.35,1.36,1.32,-0.03,-1,150000,12,202140
2014-12-11,1.28,1.23,1.28,1.23,-0.12,-1,33000,6,41590
2014-12-12,1.18,1.22,1.22,1.15,-0.01,-1,128000,17,149920
2014-12-15,1.22,1.3,1.3,1.22,0.08,1,78000,8,96430
2014-12-16,1.29,1.45,1.46,1.29,0.15,1,109000,17,152390
2014-12-17,1.36,1.45,1.45,1.36,0.0,0,88000,6,120360
2014-12-18,1.34,1.5,1.5,1.34,0.05,1,19000,3,26900
2014-12-19,1.32,1.47,1.47,1.32,-0.03,-1,23000,5,32290
2014-12-22,1.59,1.43,1.59,1.37,-0.04,-1,15000,3,22230
2014-12-23,1.43,1.4,1.43,1.4,-0.03,-1,54000,8,76170
2014-12-24,1.35,1.4,1.4,1.33,0.0,0,38000,6,51490
2014-12-25,1.42,1.42,1.42,1.42,0.02,1,16000,3,22720
2014-12-27,1.36,1.36,1.36,1.36,0.01,1,11000,2,14960
2014-12-29,1.22,1.22,1.23,1.2,-0.14,-1,56000,9,68320
2014-12-30,1.2,1.2,1.2,1.2,-0.02,-1,20000,2,24000
2014-12-31,1.13,1.04,1.13,1.04,-0.16,-1,95000,15,101360
2015-01-05,1.0,1.39,1.39,1.0,0.35,1,99000,5,118890
2015-01-06,1.08,1.22,1.22,1.08,-0.17,-1,231000,16,275050
2015-01-07,1.22,1.27,1.27,1.21,0.05,1,64000,7,78090
2015-01-08,1.12,1.29,1.29,1.12,0.02,1,48000,4,55590
2015-01-09,1.29,1.31,1.31,1.29,0.02,1,21000,5,27210
2015-01-12,1.27,1.38,1.39,1.27,0.07,1,85000,12,116770
2015-01-13,1.37,1.45,1.45,1.37,0.07,1,119000,5,166500
2015-01-14,1.33,1.22,1.33,1.22,-0.23,-1,30000,4,38600
2015-01-15,1.11,1.19,1.19,1.11,-0.03,-1,11000,2,12290
2015-01-16,1.17,1.17,1.17,1.17,-0.02,-1,10000,1,11700
2015-01-19,1.1,1.16,1.16,1.1,-0.01,-1,11000,2,12160
2015-01-20,1.07,1.11,1.11,1.01,-0.05,-1,39000,5,40740
2015-01-21,1.14,1.14,1.14,1.14,0.03,1,6000,1,6840
2015-01-22,1.03,1.14,1.14,1.02,0.0,0,282000,9,293880
2015-01-23,1.05,1.07,1.07,1.05,-0.07,-1,50000,6,52900
2015-01-26,1.1,1.14,1.15,1.06,0.07,1,37000,5,39940
2015-01-27,1.04,1.04,1.04,1.04,-0.1,-1,1000,1,1040
2015-01-28,1.04,1.04,1.04,1.04,0.0,0,5000,1,5200
2015-01-29,0.94,0.99,0.99,0.94,-0.05,-1,11000,3,10390
2015-01-30,0.99,0.99,0.99,0.99,0.0,0,1000,1,990
2015-02-02,0.94,0.94,0.94,0.94,-0.05,-1,1000,1,940
2015-02-03,0.82,0.85,0.85,0.82,-0.09,-1,116000,3,95300
2015-02-04,0.95,0.95,0.95,0.95,0.1,1,1000,1,950
2015-02-05,0.88,0.94,0.94,0.83,-0.01,-1,31000,3,26340
2015-02-06,0.91,0.91,0.91,0.91,-0.03,-1,1000,1,910
2015-02-09,0.78,0.86,0.86,0.77,-0.05,-1,119000,6,93010
2015-02-10,0.84,0.84,0.84,0.84,-0.02,-1,5000,1,4200
2015-02-11,0.77,0.77,0.77,0.77,-0.07,-1,200000,1,154000
2015-02-12,0.73,0.83,0.83,0.73,0.06,1,26000,3,19280
2015-02-13,0.74,0.8,0.8,0.74,-0.03,-1,21000,3,15600
2015-02-24,0.67,0.67,0.67,0.67,-0.13,-1,1000,1,670
2015-02-25,0.73,0.64,0.73,0.64,-0.03,-1,15000,2,10500
2015-02-26,0.58,0.66,0.66,0.58,0.02,1,2000,2,1240
2015-03-02,0.52,0.51,0.52,0.51,-0.15,-1,18000,2,9280
2015-03-03,0.38,0.36,0.38,0.36,-0.15,-1,174000,8,64340
2015-03-04,0.33,0.33,0.33,0.33,-0.03,-1,301000,2,99330
2015-03-05,0.35,0.21,0.35,0.21,-0.12,-1,634000,15,166920
2015-03-06,0.15,0.16,0.16,0.15,-0.05,-1,112000,7,17200
2015-03-09,0.16,0.17,0.17,0.15,0.01,1,136000,7,21620
2015-03-10,0.14,0.14,0.14,0.14,-0.03,-1,60000,2,8400
2015-03-11,0.14,0.14,0.14,0.14,0.0,0,55000,2,7700
2015-03-12,0.1,0.11,0.11,0.1,-0.03,-1,290000,5,31300
2015-03-13,0.11,0.13,0.13,0.11,0.02,1,1113000,8,122460
2015-03-16,0.15,0.22,0.22,0.15,0.09,1,318000,6,50830
2015-03-17,0.19,0.19,0.19,0.19,-0.03,-1,1000,1,190
2015-03-18,0.17,0.17,0.17,0.17,-0.02,-1,1000,1,170
2015-03-19,0.18,0.18,0.18,0.18,0.01,1,1000,1,180
2015-03-20,0.16,0.16,0.16,0.16,-0.02,-1,1000,1,160
2015-03-23,0.15,0.15,0.15,0.15,-0.01,-1,1000,1,150
2015-03-24,0.16,0.16,0.16,0.16,0.01,1,1000,1,160
2015-03-25,0.15,0.15,0.15,0.15,-0.01,-1,1000,1,150
2015-03-26,0.15,0.15,0.15,0.15,0.0,0,1000,1,150
2015-03-27,0.23,0.23,0.23,0.23,0.08,1,11000,2,2530
2015-03-30,0.14,0.14,0.14,0.14,-0.09,-1,1000,1,140
2015-03-31,0.12,0.12,0.12,0.12,-0.02,-1,1000,1,120
