date,OP,CP,HP,LP,DF,RD,TV,TC,TO
2015-02-24,1.17,1.13,1.17,1.13,-0.07,-1,9000,2,10330
2015-02-26,1.12,1.43,1.45,1.12,0.27,1,656000,11,753870
2015-03-02,1.38,1.3,1.38,1.29,-0.13,-1,1192000,44,1595420
2015-03-03,1.21,1.1,1.21,1.07,-0.2,-1,688000,19,763680
2015-03-04,1.13,1.13,1.13,1.13,0.03,1,18000,2,20340
2015-03-05,1.1,1.15,1.15,1.1,0.02,1,225000,8,258000
2015-03-06,1.18,1.31,1.31,1.16,0.16,1,593000,9,729780
2015-03-09,1.26,1.29,1.3,1.18,-0.02,-1,788000,19,983750
2015-03-10,1.28,1.28,1.29,1.24,-0.01,-1,352000,11,449590
2015-03-11,1.36,1.33,1.41,1.29,0.05,1,521000,19,703540
2015-03-12,1.35,1.32,1.35,1.3,-0.01,-1,381000,11,506160
2015-03-13,1.34,1.28,1.34,1.28,-0.04,-1,74000,6,97620
2015-03-16,1.34,1.46,1.46,1.31,0.18,1,628000,24,841420
2015-03-17,1.47,1.5,1.62,1.44,0.04,1,1502000,52,2279580
2015-03-18,1.5,1.33,1.52,1.33,-0.17,-1,882000,27,1264140
2015-03-19,1.39,1.43,1.5,1.37,0.1,1,1006000,26,1464430
2015-03-20,1.62,1.52,1.63,1.52,0.09,1,901000,47,1409550
2015-03-23,1.55,1.43,1.55,1.43,-0.09,-1,246000,13,358770
2015-03-24,1.47,1.38,1.47,1.36,-0.05,-1,498000,17,686750
2015-03-25,1.41,1.42,1.44,1.37,0.04,1,372000,18,523410
2015-03-26,1.38,1.35,1.45,1.35,-0.07,-1,82000,11,115910
2015-03-27,1.4,1.41,1.41,1.27,0.06,1,175000,11,228680
2015-03-30,1.4,1.12,1.4,1.1,-0.29,-1,244000,15,324380
2015-03-31,1.16,1.24,1.28,1.11,0.12,1,803000,17,990410
2015-04-01,1.15,1.15,1.21,1.11,-0.09,-1,708000,16,814150
2015-04-02,1.24,1.34,1.36,1.24,0.19,1,586000,18,761750
2015-04-07,1.42,1.7,1.76,1.41,0.36,1,985000,74,1543110
2015-04-08,1.64,1.49,1.64,1.4,-0.21,-1,1075000,68,1653330
2015-04-09,1.39,1.27,1.48,1.22,-0.22,-1,639000,32,886040
2015-04-10,1.28,1.16,1.29,1.1,-0.11,-1,671000,22,784630
2015-04-13,1.17,1.21,1.22,1.17,0.05,1,229000,8,272330
2015-04-14,1.3,1.27,1.3,1.13,0.06,1,462000,15,541550
2015-04-15,1.23,1.2,1.28,1.19,-0.07,-1,504000,8,634490
2015-04-16,1.23,1.18,1.26,1.18,-0.02,-1,87000,5,106130
2015-04-17,1.2,1.16,1.21,1.11,-0.02,-1,115000,5,133410
2015-04-20,1.14,1.22,1.22,1.11,0.06,1,657000,18,758850
2015-04-21,1.21,1.02,1.21,0.98,-0.2,-1,608000,28,681360
2015-04-22,1.02,1.01,1.05,1.0,-0.01,-1,173000,8,176000
2015-04-23,1.12,1.11,1.19,1.1,0.1,1,480000,11,535760
2015-04-24,1.14,1.13,1.14,1.1,0.02,1,126000,3,142160
2015-04-27,1.08,1.09,1.09,1.08,-0.04,-1,15000,2,16260
2015-04-28,1.09,1.04,1.09,1.04,-0.05,-1,344000,8,361150
2015-04-29,1.02,1.03,1.07,1.02,-0.01,-1,51000,6,53530
2015-04-30,0.99,0.97,0.99,0.97,-0.06,-1,41000,4,40190
2015-05-04,1.0,0.95,1.0,0.95,-0.02,-1,69000,3,66500
2015-05-05,0.98,0.88,0.98,0.88,-0.07,-1,255000,4,231500
2015-05-06,0.79,0.8,0.82,0.79,-0.08,-1,145000,4,117250
2015-05-07,0.77,0.77,0.78,0.75,-0.03,-1,367000,9,284760
2015-05-08,0.79,0.77,0.79,0.77,0.0,0,55000,4,42630
2015-05-11,0.76,0.76,0.76,0.76,-0.01,-1,26000,1,19760
2015-05-12,0.64,0.64,0.64,0.64,-0.12,-1,35000,2,22400
2015-05-13,0.67,0.67,0.67,0.67,0.03,1,200000,2,134000
2015-05-14,0.62,0.5,0.63,0.5,-0.17,-1,430000,15,258970
2015-05-15,0.46,0.44,0.46,0.43,-0.06,-1,227000,8,99590
2015-05-18,0.42,0.4,0.42,0.4,-0.04,-1,66000,3,26980
2015-05-19,0.5,0.58,0.58,0.5,0.18,1,41000,3,21980
2015-05-20,0.62,0.59,0.62,0.59,0.01,1,25000,2,15020
2015-05-21,0.64,0.64,0.64,0.64,0.05,1,27000,1,17280
2015-05-22,0.64,0.64,0.64,0.64,0.0,0,2000,1,1280
2015-05-25,0.6,0.59,0.62,0.58,-0.05,-1,151000,13,89520
2015-05-26,0.59,0.49,0.59,0.49,-0.1,-1,380000,12,192500
2015-05-27,0.5,0.5,0.5,0.47,0.01,1,377000,7,183960
2015-05-28,0.49,0.6,0.6,0.46,0.1,1,79000,6,42060
2015-05-29,0.57,0.6,0.63,0.57,0.0,0,99000,6,59970
2015-06-01,0.67,0.63,0.68,0.6,0.03,1,468000,14,299630
2015-06-02,0.64,0.75,0.79,0.61,0.12,1,225000,14,162150
2015-06-03,0.82,0.71,0.83,0.71,-0.04,-1,230000,6,185800
2015-06-04,0.68,0.63,0.81,0.63,-0.08,-1,167000,9,113070
2015-06-05,0.71,0.65,0.71,0.62,0.02,1,62000,7,40170
2015-06-08,0.68,0.61,0.68,0.6,-0.04,-1,105000,5,66650
2015-06-09,0.56,0.42,0.56,0.42,-0.19,-1,80000,5,42000
2015-06-10,0.37,0.41,0.41,0.36,-0.01,-1,730000,7,279100
2015-06-11,0.43,0.4,0.44,0.4,-0.01,-1,730000,9,309300
2015-06-12,0.39,0.42,0.45,0.39,0.02,1,1058000,14,458270
2015-06-15,0.44,0.43,0.46,0.43,0.01,1,800000,11,354000
2015-06-16,0.39,0.37,0.39,0.35,-0.06,-1,557000,7,201890
2015-06-17,0.38,0.38,0.38,0.38,0.01,1,40000,1,15200
2015-06-23,0.36,0.36,0.36,0.36,0.01,1,5000,1,1800
2015-06-25,0.34,0.35,0.35,0.34,0.0,0,25000,2,8650
2015-06-29,0.29,0.29,0.29,0.29,-0.04,-1,100000,1,29000
2015-07-02,0.27,0.27,0.27,0.27,0.0,0,30000,1,8100
2015-07-03,0.28,0.28,0.28,0.28,0.01,1,10000,1,2800
2015-07-09,0.1,0.1,0.1,0.1,-0.13,-1,77000,1,7700
2015-07-13,0.07,0.09,0.09,0.07,-0.01,-1,77000,2,6210
2015-07-16,0.03,0.03,0.03,0.03,-0.03,-1,200000,1,6000
2015-07-24,0.01,0.01,0.01,0.01,-0.01,-1,322000,3,3220
2015-08-03,0.01,0.01,0.01,0.01,0.0,0,50000,2,500
2015-08-13,0.01,0.01,0.01,0.01,0.0,0,115000,2,1150
2015-08-20,0.01,0.01,0.01,0.01,0.0,0,220000,3,2200
