date,OP,CP,HP,LP,DF,RD,TV,TC,TO
2008-12-30,1.5,1.45,1.5,1.35,0.11,1,14900000,258,22266440
2008-12-31,1.44,1.37,1.44,1.37,-0.08,-1,683000,97,971410
2009-01-05,1.4,1.4,1.45,1.4,0.03,1,532000,16,750090
2009-01-06,1.38,1.29,1.38,1.29,-0.11,-1,659000,21,877190
2009-01-07,1.3,1.29,1.35,1.29,0.0,0,105000,6,137650
2009-01-08,1.13,1.02,1.13,1.02,-0.27,-1,432000,12,464680
2009-01-09,1.06,1.06,1.06,1.06,0.04,1,33000,1,34980
2009-01-10,1.06,1.06,1.06,1.06,0.0,0,5000,1,5300
2009-01-12,1.06,1.06,1.06,1.04,0.0,0,533000,68,555370
2009-01-13,1.0,1.08,1.08,1.0,0.02,1,527000,80,551840
2009-01-14,1.09,1.08,1.09,1.0,0.0,0,655000,100,704710
2009-01-15,0.89,0.88,0.89,0.88,-0.2,-1,437000,73,388170
2009-01-16,0.92,0.86,0.92,0.85,-0.02,-1,539000,86,474460
2009-01-17,0.89,0.89,0.89,0.89,0.03,1,589000,84,524210
2009-01-19,0.9,0.87,0.9,0.87,-0.02,-1,675000,95,596330
2009-01-20,0.87,0.8,0.87,0.8,-0.07,-1,562000,94,452600
2009-01-21,0.71,0.85,0.88,0.71,0.05,1,569000,85,453290
2009-02-02,0.88,0.83,0.88,0.82,-0.02,-1,602000,92,508870
2009-02-03,0.83,0.97,1.04,0.83,0.14,1,678000,95,629860
2009-02-04,0.97,1.15,1.15,0.97,0.18,1,620000,86,655420
2009-02-05,1.15,0.99,1.15,0.91,-0.16,-1,612000,91,600170
2009-02-06,0.99,0.99,1.2,0.99,0.0,0,644000,103,708000
2009-02-09,0.99,1.03,1.08,0.99,0.04,1,571000,87,608140
2009-02-10,1.0,1.0,1.07,1.0,-0.03,-1,236000,38,249790
2009-02-11,0.99,1.08,1.08,0.98,0.08,1,502000,81,497750
2009-02-12,1.05,0.89,1.08,0.87,-0.19,-1,535000,82,524100
2009-02-13,0.89,1.02,1.03,0.89,0.13,1,454000,71,437690
2009-02-16,1.02,1.2,1.2,1.02,0.18,1,589000,93,632500
2009-02-17,1.13,1.04,1.13,1.04,-0.16,-1,402000,69,436840
2009-02-18,0.98,0.99,1.0,0.87,-0.05,-1,515000,72,507630
2009-02-19,0.99,1.04,1.05,0.99,0.05,1,508000,77,513930
2009-02-20,0.99,0.94,0.99,0.87,-0.1,-1,602000,86,576750
2009-02-23,0.92,1.05,1.05,0.92,0.11,1,531000,76,531490
2009-02-24,1.0,1.0,1.0,0.81,-0.05,-1,416000,72,411630
2009-02-25,1.0,0.93,1.07,0.93,-0.07,-1,494000,80,502780
2009-02-26,0.98,1.0,1.04,0.92,0.07,1,374000,81,373210
2009-02-27,1.01,1.18,1.19,1.01,0.18,1,511000,98,563990
2009-03-02,1.1,1.1,1.1,1.1,-0.08,-1,52000,1,57200
2009-03-03,0.91,1.1,1.1,0.91,0.0,0,225000,49,226980
2009-03-04,1.0,0.9,1.0,0.86,-0.2,-1,10000,4,9060
2009-03-05,1.0,0.91,1.04,0.9,0.01,1,5000,4,4890
2009-03-06,0.9,1.05,1.13,0.88,0.14,1,253000,72,258810
2009-03-09,1.05,0.97,1.1,0.81,-0.08,-1,296000,83,294090
2009-03-10,0.81,0.85,1.1,0.81,-0.12,-1,64000,8,54620
2009-03-11,1.02,1.0,1.02,0.86,0.15,1,241000,73,243110
2009-03-12,0.86,0.9,1.03,0.86,-0.1,-1,35000,7,33170
2009-03-13,1.1,1.4,1.4,1.1,0.5,1,156000,16,203270
2009-03-16,1.12,1.12,1.12,1.12,-0.28,-1,6000,2,6720
2009-03-17,0.96,0.99,0.99,0.96,-0.13,-1,3000,3,2930
2009-03-18,1.05,1.07,1.36,1.05,0.08,1,18000,4,20470
2009-03-19,1.1,1.2,1.31,1.1,0.13,1,322000,14,392490
2009-03-20,1.05,0.62,1.05,0.62,-0.58,-1,28000,8,28250
2009-03-23,1.0,0.95,1.18,0.95,0.33,1,97000,8,112460
2009-03-24,1.02,1.17,1.17,1.02,0.22,1,3000,2,3210
2009-03-25,1.17,1.3,1.3,1.17,0.13,1,119000,10,146750
2009-03-26,0.91,1.25,1.5,0.91,-0.05,-1,80000,7,110780
2009-03-27,0.0,0.0,0.0,0.0,0.0,0,0,0,0
2009-03-30,1.24,0.81,1.24,0.81,-0.44,-1,12000,3,10150
2009-03-31,1.1,1.12,1.12,0.9,0.31,1,41000,7,44650
2009-04-01,1.05,1.11,1.25,1.05,-0.01,-1,10000,5,12020
2009-04-02,1.25,1.45,1.47,1.2,0.34,1,88000,9,122300
2009-04-03,1.59,1.59,1.59,1.41,0.14,1,64000,9,96930
2009-04-06,1.51,1.36,1.56,1.35,-0.23,-1,67000,9,99920
2009-04-07,1.05,1.1,1.1,1.05,-0.26,-1,20000,4,21440
2009-04-08,1.11,1.11,1.11,1.11,0.01,1,1000,1,1110
2009-04-09,1.5,1.77,1.77,1.41,0.66,1,27000,6,45700
2009-04-10,2.0,2.07,2.07,1.65,0.3,1,72000,9,134470
2009-04-13,2.0,2.06,2.06,2.0,-0.01,-1,16000,3,32310
2009-04-14,2.47,2.5,2.5,2.45,0.44,1,56000,6,139470
2009-04-15,2.4,2.56,2.56,2.4,0.06,1,66000,5,167420
2009-04-16,2.49,2.5,2.5,2.25,-0.06,-1,82000,7,195310
2009-04-17,2.2,2.19,2.2,2.19,-0.31,-1,24000,5,52610
2009-04-20,1.58,2.09,2.09,1.46,-0.1,-1,43000,9,74510
2009-04-21,2.03,2.09,2.09,2.03,0.0,0,4000,2,8180
2009-04-22,2.56,2.7,2.7,2.56,0.61,1,53000,3,140390
2009-04-23,3.2,3.3,3.3,3.08,0.6,1,36000,11,113400
2009-04-24,3.5,4.0,4.0,3.5,0.7,1,115000,9,455000
2009-04-27,4.1,3.6,4.1,3.3,-0.4,-1,20000,4,75500
2009-04-28,3.4,3.7,3.7,3.4,0.1,1,15000,2,54000
2009-04-29,2.92,2.92,2.92,2.92,-0.78,-1,14000,2,40880
2009-04-30,3.6,3.71,3.71,3.6,0.79,1,16000,3,58810
2009-05-04,4.35,4.35,4.35,4.35,0.64,1,15000,2,65250
2009-05-05,4.35,4.35,4.6,4.35,0.0,0,29000,3,126650
2009-05-06,4.75,4.75,4.75,4.75,0.4,1,6000,1,28500
2009-05-07,4.85,5.1,5.1,4.85,0.35,1,19000,3,94150
2009-05-08,0.0,0.0,0.0,0.0,0.0,0,0,0,0
2009-05-11,0.0,0.0,0.0,0.0,0.0,0,0,0,0
2009-05-12,0.0,0.0,0.0,0.0,0.0,0,0,0,0
2009-05-13,4.7,4.7,4.7,4.7,-0.4,-1,2000,1,9400
2009-05-14,4.51,4.51,4.51,4.51,-0.19,-1,10000,1,45100
2009-05-15,0.0,0.0,0.0,0.0,0.0,0,0,0,0
2009-05-18,4.0,4.0,4.0,4.0,-0.51,-1,10000,1,40000
2009-05-19,4.7,4.7,4.7,4.7,0.7,1,10000,1,47000
2009-05-20,0.0,0.0,0.0,0.0,0.0,0,0,0,0
2009-05-21,4.99,4.99,4.99,4.99,0.29,1,1000,1,4990
2009-05-22,4.85,4.85,4.85,4.85,-0.14,-1,15000,1,72750
2009-05-25,0.0,0.0,0.0,0.0,0.0,0,0,0,0
2009-05-26,0.0,0.0,0.0,0.0,0.0,0,0,0,0
2009-05-27,0.0,0.0,0.0,0.0,0.0,0,0,0,0
2009-06-01,0.0,0.0,0.0,0.0,0.0,0,0,0,0
2009-06-02,0.0,0.0,0.0,0.0,0.0,0,0,0,0
2009-06-03,0.0,0.0,0.0,0.0,0.0,0,0,0,0
2009-06-04,0.0,0.0,0.0,0.0,0.0,0,0,0,0
2009-06-05,0.0,0.0,0.0,0.0,0.0,0,0,0,0
2009-06-06,0.0,0.0,0.0,0.0,0.0,0,0,0,0
2009-06-08,0.0,0.0,0.0,0.0,0.0,0,0,0,0
2009-06-09,0.0,0.0,0.0,0.0,0.0,0,0,0,0
2009-06-10,0.0,0.0,0.0,0.0,0.0,0,0,0,0
2009-06-11,0.0,0.0,0.0,0.0,0.0,0,0,0,0
2009-06-12,0.0,0.0,0.0,0.0,0.0,0,0,0,0
2009-06-15,0.0,4.0,0.0,0.0,-0.85,-1,0,0,0
2009-06-16,0.0,0.0,0.0,0.0,0.0,0,0,0,0
2009-06-17,0.0,0.0,0.0,0.0,0.0,0,0,0,0
2009-06-18,0.0,0.0,0.0,0.0,0.0,0,0,0,0
2009-06-19,3.51,3.51,3.51,3.51,-0.49,-1,5000,1,17550
2009-06-22,0.0,0.0,0.0,0.0,0.0,0,0,0,0
2009-06-23,0.0,0.0,0.0,0.0,0.0,0,0,0,0
2009-06-24,0.0,0.0,0.0,0.0,0.0,0,0,0,0
2009-06-25,0.0,0.0,0.0,0.0,0.0,0,0,0,0
