date,OP,CP,HP,LP,DF,RD,TV,TC,TO
2009-06-01,2.3,2.3,2.3,2.3,0.74,1,11000,2,25300
2009-06-02,2.21,1.77,2.21,1.77,-0.53,-1,91000,11,173010
2009-06-03,1.52,1.49,1.74,1.49,-0.28,-1,236000,14,371210
2009-06-04,1.55,1.42,1.55,1.42,-0.07,-1,198000,7,287160
2009-06-05,1.54,1.79,1.8,1.52,0.37,1,811000,88,1416670
2009-06-06,1.79,1.78,1.79,1.68,-0.01,-1,256000,15,450180
2009-06-08,1.82,1.35,1.82,1.35,-0.43,-1,762000,39,1194390
2009-06-09,1.26,0.99,1.28,0.99,-0.36,-1,182000,11,214620
2009-06-10,0.9,0.9,0.95,0.82,-0.09,-1,102000,8,92220
2009-06-11,1.06,1.38,1.38,1.02,0.48,1,345000,11,370040
2009-06-12,1.42,1.42,1.51,1.39,0.04,1,646000,24,934870
2009-06-15,1.42,1.08,1.42,1.04,-0.34,-1,336000,20,370320
2009-06-16,1.05,0.98,1.05,0.82,-0.1,-1,435000,16,403360
2009-06-17,1.15,1.09,1.23,1.09,0.11,1,525000,20,599350
2009-06-18,1.21,1.03,1.25,0.92,-0.06,-1,871000,23,1015310
2009-06-19,1.03,1.1,1.18,0.94,0.07,1,563000,24,568780
2009-06-22,1.16,1.24,1.25,1.15,0.14,1,535000,35,642950
2009-06-23,1.19,1.12,1.2,1.07,-0.12,-1,379000,26,438210
2009-06-24,1.13,1.15,1.23,1.07,0.03,1,449000,44,509700
2009-06-25,1.23,1.58,1.9,1.23,0.43,1,1056000,96,1577240
2009-06-26,1.68,1.78,1.96,1.68,0.2,1,784000,71,1411460
2009-06-29,1.76,1.56,1.76,1.51,-0.22,-1,740000,51,1163380
2009-06-30,1.86,1.72,1.98,1.64,0.16,1,647000,49,1195960
2009-07-01,1.78,1.75,1.82,1.66,0.03,1,248000,29,426240
2009-07-02,1.82,1.65,1.85,1.65,-0.1,-1,229000,27,404530
2009-07-03,1.51,1.78,1.86,1.5,0.13,1,134000,20,231390
2009-07-06,1.9,1.78,2.0,1.73,0.0,0,900000,41,1700980
2009-07-07,1.7,1.84,1.87,1.7,0.06,1,50000,11,90900
2009-07-08,1.93,1.8,1.96,1.78,-0.04,-1,660000,25,1249420
2009-07-09,1.87,1.74,1.87,1.7,-0.06,-1,208000,16,363770
2009-07-10,1.76,1.52,1.76,1.52,-0.22,-1,338000,17,569360
2009-07-13,1.08,1.1,1.7,1.08,-0.42,-1,697000,40,1053800
2009-07-14,1.24,1.2,1.29,1.14,0.1,1,168000,16,198380
2009-07-15,1.25,1.2,1.32,1.2,0.0,0,172000,8,209900
2009-07-16,1.33,1.28,1.36,1.28,0.08,1,314000,21,418320
2009-07-17,1.37,1.49,1.51,1.37,0.21,1,205000,9,296520
2009-07-20,1.52,1.42,1.52,1.42,-0.07,-1,108000,10,160870
2009-07-21,1.6,1.38,1.6,1.37,-0.04,-1,123000,18,176410
2009-07-22,1.5,2.1,2.1,1.48,0.72,1,429000,42,701750
2009-07-23,2.9,1.6,2.9,1.6,-0.5,-1,554000,68,1064250
2009-07-24,1.62,1.71,1.9,1.62,0.11,1,269000,28,464330
2009-07-27,1.84,1.74,1.87,1.69,0.03,1,163000,17,284630
2009-07-28,1.75,1.67,1.86,1.67,-0.07,-1,130000,23,229430
2009-07-29,1.62,1.47,1.62,1.47,-0.2,-1,128000,22,196120
2009-07-30,1.39,1.32,1.39,1.25,-0.15,-1,236000,22,308090
2009-07-31,1.37,1.25,1.37,1.2,-0.07,-1,183000,13,234760
2009-08-03,1.14,1.17,1.17,1.09,-0.08,-1,20000,7,22420
2009-08-04,1.14,1.14,1.14,1.14,-0.03,-1,4000,1,4560
2009-08-05,1.11,0.87,1.11,0.87,-0.27,-1,54000,7,52120
2009-08-06,1.02,1.17,1.22,1.02,0.3,1,95000,9,108090
2009-08-10,1.38,1.45,1.45,1.38,0.28,1,10000,3,13940
2009-08-11,1.34,1.46,1.49,1.34,0.01,1,9000,3,12900
2009-08-12,1.36,1.61,1.61,1.36,0.15,1,88000,4,125640
2009-08-13,1.43,1.4,1.43,1.4,-0.21,-1,30000,4,42300
2009-08-14,0.0,0.0,0.0,0.0,0.0,0,0,0,0
2009-08-17,1.08,1.08,1.08,1.08,-0.32,-1,50000,2,54000
2009-08-18,1.09,1.02,1.09,0.95,-0.06,-1,34000,5,33220
2009-08-19,1.03,0.94,1.03,0.94,-0.08,-1,40000,2,39400
2009-08-20,0.0,0.0,0.0,0.0,0.0,0,0,0,0
2009-08-21,0.82,0.58,0.82,0.58,-0.36,-1,47000,4,32660
2009-08-24,0.57,0.5,0.57,0.5,-0.08,-1,71000,5,36300
2009-08-25,0.65,0.51,0.66,0.51,0.01,1,117000,5,68760
2009-08-26,0.5,0.5,0.5,0.5,-0.01,-1,1000,1,500
2009-08-27,0.38,0.36,0.39,0.36,-0.14,-1,190000,8,71910
2009-08-28,0.35,0.23,0.35,0.22,-0.13,-1,39000,8,9590
2009-08-31,0.2,0.18,0.2,0.16,-0.05,-1,168000,8,27320
2009-09-01,0.19,0.24,0.25,0.19,0.06,1,1084000,26,217800
2009-09-02,0.23,0.32,0.33,0.22,0.08,1,1234000,28,345120
2009-09-03,0.35,0.36,0.42,0.35,0.04,1,1197000,26,454260
2009-09-04,0.42,0.34,0.42,0.34,-0.02,-1,1427000,31,515460
2009-09-07,0.37,0.37,0.39,0.34,0.03,1,818000,19,299960
2009-09-08,0.31,0.28,0.32,0.27,-0.09,-1,767000,21,232560
2009-09-09,0.25,0.36,0.37,0.25,0.08,1,604000,19,212280
2009-09-10,0.25,0.3,0.3,0.25,-0.06,-1,166000,6,44800
2009-09-11,0.34,0.32,0.34,0.3,0.02,1,282000,6,89200
2009-09-14,0.3,0.24,0.3,0.19,-0.08,-1,935000,28,196320
2009-09-15,0.19,0.22,0.22,0.16,-0.02,-1,441000,20,81350
2009-09-16,0.26,0.36,0.36,0.22,0.14,1,1275000,94,350080
2009-09-17,0.35,0.31,0.41,0.31,-0.05,-1,353000,23,120970
2009-09-18,0.38,0.32,0.38,0.32,0.01,1,101000,4,36180
2009-09-21,0.3,0.34,0.34,0.28,0.02,1,80000,4,25200
2009-09-22,0.36,0.42,0.42,0.36,0.08,1,25000,3,9600
2009-09-23,0.39,0.42,0.51,0.39,0.0,0,354000,21,155940
2009-09-24,0.4,0.32,0.42,0.32,-0.1,-1,317000,15,117490
2009-09-25,0.35,0.35,0.35,0.35,0.03,1,1000,1,350
2009-09-28,0.3,0.21,0.3,0.12,-0.14,-1,58000,7,12070
2009-09-29,0.0,0.0,0.0,0.0,0.0,0,0,0,0
2009-09-30,0.2,0.2,0.2,0.14,-0.01,-1,174000,10,34620
2009-10-01,0.0,0.0,0.0,0.0,0.0,0,0,0,0
2009-10-02,0.0,0.0,0.0,0.0,0.0,0,0,0,0
2009-10-05,0.0,0.0,0.0,0.0,0.0,0,0,0,0
2009-10-06,0.0,0.0,0.0,0.0,0.0,0,0,0,0
2009-10-07,0.24,0.44,0.44,0.24,0.24,1,500000,19,150460
2009-10-08,0.44,0.44,0.44,0.44,0.0,0,5000,1,2200
2009-10-09,0.31,0.31,0.31,0.31,-0.13,-1,10000,1,3100
2009-10-12,0.18,0.18,0.18,0.18,-0.13,-1,30000,2,5400
2009-10-13,0.0,0.0,0.0,0.0,0.0,0,0,0,0
2009-10-14,0.0,0.0,0.0,0.0,0.0,0,0,0,0
2009-10-15,0.22,0.22,0.22,0.22,0.04,1,6000,1,1320
2009-10-16,0.3,0.3,0.32,0.3,0.08,1,160000,13,48800
2009-10-19,0.27,0.27,0.27,0.27,-0.03,-1,90000,2,24300
2009-10-20,0.27,0.26,0.27,0.26,-0.01,-1,35000,4,9200
2009-10-21,0.22,0.22,0.22,0.22,-0.04,-1,13000,1,2860
2009-10-22,0.22,0.18,0.22,0.18,-0.04,-1,102000,5,21510
2009-10-23,0.15,0.15,0.15,0.13,-0.03,-1,100000,6,14640
2009-10-26,0.16,0.15,0.16,0.15,0.0,0,76000,5,12040
2009-10-27,0.0,0.0,0.0,0.0,0.0,0,0,0,0
2009-10-28,0.11,0.11,0.11,0.11,-0.04,-1,39000,3,4290
2009-10-29,0.0,0.0,0.0,0.0,0.0,0,0,0,0
2009-10-30,0.0,0.0,0.0,0.0,0.0,0,0,0,0
2009-11-02,0.0,0.0,0.0,0.0,0.0,0,0,0,0
2009-11-03,0.11,0.11,0.11,0.11,0.0,0,72000,1,7920
2009-11-04,0.05,0.14,0.14,0.05,0.03,1,125000,4,7450
2009-11-05,0.0,0.0,0.0,0.0,0.0,0,0,0,0
2009-11-06,0.15,0.15,0.15,0.15,0.01,1,2000,1,300
2009-11-09,0.0,0.0,0.0,0.0,0.0,0,0,0,0
2009-11-10,0.0,0.0,0.0,0.0,0.0,0,0,0,0
2009-11-11,0.14,0.17,0.2,0.14,0.02,1,47000,5,9010
2009-11-12,0.22,0.21,0.23,0.19,0.04,1,97000,7,20810
2009-11-13,0.0,0.0,0.0,0.0,0.0,0,0,0,0
2009-11-16,0.29,0.31,0.36,0.29,0.1,1,47000,5,14200
2009-11-17,0.28,0.2,0.28,0.19,-0.11,-1,610000,10,118300
2009-11-18,0.32,0.55,0.55,0.32,0.35,1,390000,16,173670
2009-11-19,0.5,0.5,0.5,0.5,-0.05,-1,101000,2,50500
2009-11-20,0.15,0.15,0.15,0.15,-0.35,-1,5000,1,750
2009-11-23,0.0,0.0,0.0,0.0,0.0,0,0,0,0
2009-11-24,0.35,0.57,0.8,0.35,0.42,1,278000,7,166710
2009-11-25,0.44,0.2,0.44,0.2,-0.37,-1,106000,10,23040
2009-11-26,0.27,0.16,0.31,0.16,-0.04,-1,204000,10,43990
