date,OP,CP,HP,LP,DF,RD,TV,TC,TO
2015-09-25,1.34,1.43,1.43,1.34,0.1,1,115000,3,159720
2015-09-30,1.48,1.75,1.75,1.48,0.32,1,666000,13,1053140
2015-10-01,2.02,2.18,2.24,1.99,0.43,1,914000,25,1872580
2015-10-02,2.09,2.28,2.28,2.09,0.1,1,403000,11,875100
2015-10-05,2.45,2.8,2.8,2.45,0.52,1,120000,4,318000
2015-10-06,2.91,2.64,2.91,2.64,-0.16,-1,220000,6,631000
2015-10-07,2.78,2.85,2.9,2.78,0.21,1,191000,7,544700
2015-10-08,2.84,2.68,2.84,2.68,-0.17,-1,30000,3,82000
2015-10-14,2.63,2.63,2.63,2.63,0.14,1,20000,1,52600
2015-10-19,2.25,2.25,2.25,2.25,-0.22,-1,10000,1,22500
2015-10-20,2.4,2.4,2.4,2.4,0.15,1,10000,1,24000
2015-10-28,2.47,2.47,2.47,2.47,-0.03,-1,110000,1,271700
2015-10-30,2.22,2.22,2.22,2.22,-0.25,-1,200000,1,444000
2015-11-11,2.16,1.88,2.16,1.88,-0.44,-1,189000,12,375880
2015-11-12,1.94,1.8,1.94,1.7,-0.08,-1,170000,15,322350
2015-11-13,1.75,1.76,1.86,1.75,-0.04,-1,1940000,24,3522000
2015-11-16,1.65,1.6,1.65,1.54,-0.16,-1,1043000,16,1654780
2015-11-17,1.73,1.68,1.75,1.67,0.08,1,1652000,23,2811560
2015-11-18,1.85,1.84,1.87,1.81,0.16,1,771000,18,1414610
2015-11-19,1.84,1.83,1.91,1.79,-0.01,-1,432000,17,805680
2015-11-20,1.79,1.77,1.8,1.75,-0.06,-1,340000,12,606180
2015-11-23,1.72,1.78,1.78,1.72,0.0,0,428000,5,739840
2015-11-24,1.74,1.65,1.75,1.65,-0.13,-1,511000,13,882670
2015-11-25,1.39,1.39,1.39,1.39,-0.26,-1,20000,1,27800
2015-11-26,1.47,1.49,1.53,1.46,0.1,1,467000,13,701030
2015-11-27,1.54,1.46,1.54,1.46,-0.03,-1,439000,10,666990
2015-11-30,1.31,1.29,1.31,1.29,-0.17,-1,35000,3,45250
2015-12-01,1.33,1.39,1.43,1.33,0.1,1,85000,10,116640
2015-12-02,1.47,1.58,1.66,1.47,0.19,1,915000,30,1425560
2015-12-03,1.5,1.43,1.5,1.43,-0.15,-1,647000,22,959300
2015-12-04,1.34,1.44,1.47,1.34,0.01,1,37000,8,52880
2015-12-07,1.48,1.43,1.48,1.43,-0.01,-1,17000,3,25010
2015-12-08,1.33,1.3,1.33,1.3,-0.13,-1,267000,8,348540
2015-12-09,1.3,1.13,1.34,1.11,-0.17,-1,73000,5,93230
2015-12-10,1.07,1.12,1.12,1.07,-0.01,-1,6000,2,6570
2015-12-11,1.07,1.07,1.07,1.07,-0.05,-1,5000,1,5350
2015-12-14,0.84,0.84,0.85,0.84,-0.23,-1,26000,3,22040
2015-12-15,0.92,0.97,1.0,0.92,0.13,1,239000,7,223080
2015-12-16,1.0,1.0,1.05,1.0,0.03,1,577000,12,587560
2015-12-17,0.97,0.97,1.02,0.97,-0.03,-1,621000,14,617030
2015-12-18,0.95,0.97,0.97,0.95,0.0,0,242000,5,233340
2015-12-21,0.95,0.95,0.96,0.95,-0.02,-1,15000,3,14300
2015-12-22,1.0,1.04,1.05,0.95,0.09,1,376000,8,378950
2015-12-23,1.04,0.93,1.04,0.93,-0.11,-1,497000,17,503470
2015-12-24,0.94,0.87,0.94,0.87,-0.06,-1,183000,7,167480
2015-12-25,0.88,0.87,0.88,0.84,0.0,0,105000,6,91550
2015-12-28,0.94,1.6,1.6,0.94,0.73,1,1786000,32,1945900
2015-12-29,1.16,1.08,1.16,1.06,-0.52,-1,1771000,81,1987510
2015-12-30,1.08,1.14,1.15,1.07,0.06,1,1272000,44,1418380
2015-12-31,1.23,1.24,1.3,1.23,0.1,1,1014000,43,1276570
2016-01-04,1.25,1.05,1.25,1.05,-0.19,-1,220000,22,255650
2016-01-05,1.03,0.94,1.04,0.93,-0.11,-1,660000,22,655870
2016-01-06,0.98,0.86,0.99,0.85,-0.08,-1,912000,25,866590
2016-01-07,0.83,0.69,0.86,0.6,-0.17,-1,1166000,46,916920
2016-01-08,0.77,0.77,0.85,0.75,0.08,1,862000,25,688580
2016-01-11,0.71,0.68,0.72,0.66,-0.09,-1,210000,16,145990
2016-01-12,0.7,0.52,0.71,0.52,-0.16,-1,666000,25,394860
2016-01-13,0.57,0.56,0.59,0.5,0.04,1,205000,10,113900
2016-01-14,0.46,0.45,0.46,0.41,-0.11,-1,663000,31,288580
2016-01-15,0.46,0.41,0.46,0.4,-0.04,-1,344000,15,144840
2016-01-18,0.37,0.55,0.56,0.37,0.14,1,1222000,26,640810
2016-01-19,0.58,0.56,0.58,0.52,0.01,1,481000,16,270660
2016-01-20,0.56,0.45,0.56,0.45,-0.11,-1,878000,22,450870
2016-01-21,0.48,0.45,0.5,0.44,0.0,0,315000,14,148150
2016-01-22,0.55,0.46,0.55,0.44,0.01,1,445000,15,205500
2016-01-25,0.55,0.5,0.55,0.49,0.04,1,845000,28,434460
2016-01-26,0.51,0.5,0.51,0.47,0.0,0,1432000,41,695860
2016-01-27,0.51,0.47,0.56,0.46,-0.03,-1,2167000,54,1118830
2016-01-28,0.48,0.46,0.49,0.45,-0.01,-1,938000,20,438730
2016-01-29,0.48,0.53,0.58,0.48,0.07,1,1984000,39,1069330
2016-01-30,0.56,0.57,0.61,0.54,0.04,1,756000,25,429510
2016-02-01,0.55,0.53,0.55,0.52,-0.04,-1,1213000,23,649810
2016-02-02,0.53,0.54,0.57,0.51,0.01,1,870000,15,470880
2016-02-03,0.49,0.47,0.49,0.47,-0.07,-1,585000,11,282850
2016-02-15,0.41,0.4,0.42,0.4,-0.07,-1,170000,6,68600
2016-02-16,0.43,0.49,0.49,0.43,0.09,1,259000,6,125610
2016-02-17,0.47,0.45,0.48,0.44,-0.04,-1,368000,9,170400
2016-02-18,0.47,0.45,0.5,0.45,0.0,0,445000,13,208930
2016-02-19,0.45,0.46,0.46,0.44,0.01,1,677000,15,302730
2016-02-22,0.47,0.69,0.69,0.45,0.23,1,1501000,46,760610
2016-02-23,0.75,0.62,0.81,0.62,-0.07,-1,1473000,102,1071850
2016-02-24,0.62,0.53,0.62,0.53,-0.09,-1,546000,36,308050
2016-02-25,0.6,0.57,0.67,0.56,0.04,1,649000,54,395390
2016-02-26,0.61,0.57,0.64,0.57,0.0,0,542000,30,321820
2016-03-01,0.61,0.6,0.63,0.58,0.03,1,317000,22,192110
2016-03-02,0.61,0.57,0.67,0.57,-0.03,-1,456000,29,281020
2016-03-03,0.57,0.49,0.59,0.49,-0.08,-1,703000,30,368420
2016-03-04,0.49,0.52,0.55,0.49,0.03,1,192000,10,101280
2016-03-07,0.56,0.53,0.61,0.53,0.01,1,502000,38,280370
2016-03-08,0.51,0.48,0.51,0.45,-0.05,-1,352000,21,166390
2016-03-09,0.49,0.51,0.55,0.48,0.03,1,345000,31,175100
2016-03-10,0.51,0.49,0.52,0.49,-0.02,-1,288000,24,144010
2016-03-11,0.51,0.53,0.56,0.51,0.04,1,289000,29,154710
2016-03-14,0.55,0.74,0.76,0.55,0.21,1,1127000,95,737690
2016-03-15,0.77,0.53,0.77,0.52,-0.21,-1,1123000,51,699160
2016-03-16,0.54,0.56,0.6,0.53,0.03,1,675000,25,381470
2016-03-17,0.56,0.47,0.56,0.46,-0.09,-1,738000,25,359620
2016-03-18,0.45,0.45,0.47,0.45,-0.02,-1,518000,16,235250
2016-03-21,0.52,0.49,0.53,0.49,0.04,1,424000,17,217650
2016-03-22,0.55,0.49,0.55,0.49,0.0,0,154000,8,78860
2016-03-23,0.48,0.43,0.48,0.43,-0.06,-1,476000,19,214840
2016-03-24,0.41,0.44,0.44,0.37,0.01,1,427000,26,174720
2016-03-25,0.47,0.41,0.47,0.41,-0.03,-1,95000,7,43050
2016-03-28,0.42,0.39,0.42,0.36,-0.02,-1,152000,12,59110
2016-03-29,0.4,0.32,0.4,0.31,-0.07,-1,184000,14,65010
2016-03-30,0.32,0.33,0.34,0.3,0.01,1,294000,12,96860
2016-03-31,0.33,0.32,0.33,0.32,-0.01,-1,75000,3,24700
2016-04-01,0.29,0.28,0.29,0.28,-0.04,-1,241000,13,69840
2016-04-06,0.24,0.31,0.31,0.24,0.03,1,343000,8,85010
2016-04-07,0.32,0.33,0.33,0.29,0.02,1,531000,11,164060
2016-04-08,0.34,0.35,0.35,0.32,0.02,1,468000,14,157380
2016-04-11,0.39,0.39,0.42,0.38,0.04,1,440000,26,175830
2016-04-12,0.42,0.3,0.42,0.3,-0.09,-1,875000,28,337160
2016-04-13,0.34,0.35,0.35,0.32,0.05,1,390000,9,133000
2016-04-14,0.36,0.34,0.4,0.34,-0.01,-1,426000,16,160330
2016-04-15,0.32,0.32,0.33,0.3,-0.02,-1,734000,17,237350
2016-04-18,0.32,0.32,0.32,0.32,0.0,0,13000,1,4160
2016-04-19,0.32,0.27,0.32,0.27,-0.05,-1,408000,17,121270
2016-04-20,0.27,0.3,0.3,0.25,0.03,1,521000,19,138950
2016-04-21,0.3,0.3,0.34,0.3,0.0,0,560000,14,185110
2016-04-22,0.25,0.2,0.25,0.18,-0.1,-1,583000,14,131820
2016-04-25,0.16,0.16,0.16,0.16,-0.04,-1,30000,1,4800
2016-04-26,0.16,0.16,0.16,0.16,0.0,0,100000,1,16000
2016-04-27,0.15,0.12,0.15,0.12,-0.04,-1,535000,7,69550
2016-04-29,0.06,0.06,0.06,0.06,-0.04,-1,100000,1,6000
2016-05-05,0.02,0.02,0.02,0.02,-0.02,-1,20000,1,400
