date,OP,CP,HP,LP,DF,RD,TV,TC,TO
2015-12-08,0.49,0.49,0.49,0.49,0.0,0,100000,2,49000
2015-12-09,0.46,0.44,0.46,0.44,-0.05,-1,100000,6,45200
2015-12-22,0.33,0.37,0.37,0.33,0.02,1,301000,2,99370
2015-12-23,0.39,0.43,0.43,0.39,0.06,1,316000,5,135080
2015-12-25,0.31,0.31,0.31,0.31,-0.02,-1,40000,1,12400
2015-12-28,0.31,0.3,0.31,0.3,-0.01,-1,55000,2,16900
2015-12-30,0.31,0.31,0.31,0.31,-0.01,-1,10000,1,3100
2016-01-04,0.37,0.37,0.37,0.37,0.05,1,20000,1,7400
2016-01-05,0.42,0.43,0.43,0.42,0.06,1,183000,4,77060
2016-01-06,0.38,0.41,0.41,0.38,-0.02,-1,163000,2,62540
2016-01-07,0.49,0.43,0.49,0.39,0.02,1,92000,6,39760
2016-01-08,0.46,0.57,0.58,0.43,0.14,1,471000,12,229800
2016-01-11,0.51,0.46,0.51,0.46,-0.11,-1,673000,36,326600
2016-01-12,0.52,0.42,0.59,0.42,-0.04,-1,844000,24,473980
2016-01-13,0.45,0.44,0.47,0.42,0.02,1,282000,18,120420
2016-01-14,0.46,0.51,0.56,0.45,0.07,1,311000,13,156160
2016-01-15,0.56,0.5,0.56,0.5,-0.01,-1,260000,12,141550
2016-01-18,0.48,0.45,0.48,0.45,-0.05,-1,123000,4,55810
2016-01-19,0.46,0.53,0.56,0.46,0.08,1,794000,21,409020
2016-01-20,0.54,0.45,0.54,0.45,-0.08,-1,577000,15,293040
2016-01-21,0.45,0.52,0.52,0.45,0.07,1,175000,4,89450
2016-01-22,0.49,0.57,0.57,0.49,0.05,1,788000,14,417180
2016-01-25,0.59,0.58,0.6,0.56,0.01,1,500000,6,286490
2016-01-26,0.63,0.73,0.76,0.63,0.15,1,382000,22,273780
2016-01-27,0.75,1.15,1.15,0.75,0.42,1,1367000,40,1224660
2016-01-28,1.04,0.82,1.04,0.79,-0.33,-1,2540000,121,2268890
2016-01-29,0.8,0.72,0.82,0.7,-0.1,-1,2687000,129,2003980
2016-01-30,0.76,0.75,0.85,0.74,0.03,1,1890000,65,1545250
2016-02-01,0.73,0.69,0.78,0.69,-0.06,-1,1410000,41,996940
2016-02-02,0.66,0.62,0.66,0.62,-0.07,-1,1854000,38,1167240
2016-02-03,0.61,0.61,0.7,0.61,-0.01,-1,3046000,62,2026420
2016-02-15,0.64,0.7,0.7,0.6,0.09,1,1565000,27,1011870
2016-02-16,0.7,0.64,0.71,0.63,-0.06,-1,1354000,55,921210
2016-02-17,0.63,0.63,0.69,0.63,-0.01,-1,344000,10,225670
2016-02-18,0.64,0.67,0.69,0.63,0.04,1,792000,23,531710
2016-02-19,0.7,0.67,0.72,0.67,0.0,0,658000,26,461560
2016-02-22,0.67,0.58,0.67,0.55,-0.09,-1,416000,20,244320
2016-02-23,0.58,0.61,0.61,0.57,0.03,1,583000,17,341240
2016-02-24,0.65,0.77,0.83,0.64,0.16,1,1745000,66,1249820
2016-02-25,0.77,0.7,0.88,0.7,-0.07,-1,1738000,87,1424510
2016-02-26,0.75,0.74,0.82,0.71,0.04,1,595000,38,451320
2016-03-01,0.7,0.69,0.71,0.67,-0.05,-1,109000,11,74870
2016-03-02,0.72,0.68,0.73,0.68,-0.01,-1,75000,5,53000
2016-03-03,0.65,0.64,0.65,0.61,-0.04,-1,56000,5,35660
2016-03-04,0.66,0.56,0.67,0.56,-0.08,-1,93000,7,58030
2016-03-07,0.5,0.39,0.5,0.38,-0.17,-1,401000,20,166660
2016-03-08,0.43,0.42,0.43,0.4,0.03,1,200000,12,82270
2016-03-09,0.45,0.45,0.45,0.45,0.03,1,1000,1,450
2016-03-10,0.38,0.4,0.4,0.38,-0.05,-1,90000,3,35000
2016-03-15,0.33,0.5,0.57,0.33,0.09,1,183000,14,93140
2016-03-16,0.54,0.49,0.59,0.48,-0.01,-1,463000,21,248280
2016-03-17,0.49,0.4,0.49,0.4,-0.09,-1,300000,15,136970
2016-03-18,0.4,0.39,0.4,0.39,-0.01,-1,33000,4,13120
2016-03-21,0.36,0.35,0.36,0.35,-0.04,-1,24000,4,8500
2016-03-22,0.4,0.39,0.4,0.38,0.04,1,5000,3,1950
2016-03-23,0.41,0.41,0.41,0.41,0.02,1,25000,1,10250
2016-03-25,0.35,0.36,0.36,0.35,0.0,0,11000,2,3860
2016-03-28,0.35,0.34,0.35,0.34,-0.02,-1,12000,3,4150
2016-03-29,0.26,0.23,0.27,0.2,-0.11,-1,156000,9,39160
2016-03-30,0.3,0.4,0.4,0.3,0.17,1,57000,8,20150
2016-03-31,0.36,0.32,0.36,0.32,-0.08,-1,27000,3,9510
2016-04-01,0.3,0.29,0.3,0.26,-0.03,-1,49000,6,13760
2016-04-06,0.24,0.24,0.24,0.24,-0.05,-1,18000,3,4320
2016-04-07,0.22,0.22,0.22,0.22,-0.02,-1,10000,1,2200
2016-04-11,0.24,0.24,0.24,0.24,-0.01,-1,10000,1,2400
2016-04-14,0.17,0.17,0.17,0.17,-0.01,-1,11000,1,1870
2016-04-15,0.17,0.17,0.17,0.17,0.0,0,5000,1,850
2016-04-20,0.2,0.2,0.2,0.2,-0.03,-1,10000,1,2000
2016-04-21,0.18,0.22,0.22,0.17,0.02,1,164000,11,31380
2016-04-22,0.21,0.17,0.21,0.17,-0.05,-1,23000,2,4030
2016-04-28,0.11,0.11,0.11,0.11,-0.01,-1,3000,1,330
2016-04-29,0.1,0.1,0.1,0.1,-0.01,-1,3000,1,300
2016-05-03,0.09,0.07,0.09,0.07,-0.03,-1,220000,3,17100
2016-05-04,0.02,0.02,0.02,0.02,-0.05,-1,30000,1,600
2016-05-17,0.01,0.01,0.01,0.01,-0.01,-1,547000,29,5470
2016-05-27,0.01,0.01,0.01,0.01,0.0,0,39000,2,390
