date,OP,CP,HP,LP,DF,RD,TV,TC,TO
2015-12-16,1.13,1.03,1.13,1.03,0.1,1,728000,21,788680
2015-12-17,1.06,1.04,1.06,0.97,0.01,1,1935000,40,1971880
2015-12-18,1.0,1.05,1.12,0.99,0.01,1,1580000,62,1694990
2015-12-21,1.03,1.19,1.24,1.03,0.14,1,1394000,42,1666670
2015-12-22,1.22,1.14,1.22,1.12,-0.05,-1,1090000,48,1273320
2015-12-23,1.17,1.13,1.21,1.11,-0.01,-1,315000,15,368310
2015-12-24,1.17,0.95,1.17,0.95,-0.18,-1,753000,38,800330
2015-12-25,0.98,1.04,1.04,0.98,0.09,1,401000,17,409740
2015-12-28,1.1,1.27,1.3,1.1,0.23,1,1686000,48,2046130
2015-12-29,1.3,1.3,1.5,1.26,0.03,1,1548000,60,2036690
2015-12-30,1.33,1.22,1.33,1.17,-0.08,-1,320000,18,393270
2015-12-31,1.24,1.25,1.29,1.24,0.03,1,189000,14,238450
2016-01-04,1.48,1.34,1.5,1.34,0.09,1,277000,14,389980
2016-01-05,1.38,1.27,1.38,1.24,-0.07,-1,171000,13,224440
2016-01-06,1.24,1.12,1.24,1.12,-0.15,-1,164000,5,187600
2016-01-07,1.16,1.2,1.2,1.03,0.08,1,496000,24,548700
2016-01-08,1.23,1.19,1.23,1.14,-0.01,-1,125000,8,143720
2016-01-11,1.05,0.9,1.1,0.9,-0.29,-1,143000,8,154130
2016-01-12,0.89,0.67,0.89,0.65,-0.23,-1,472000,20,329990
2016-01-13,0.74,0.61,0.74,0.6,-0.06,-1,285000,13,184800
2016-01-14,0.52,0.47,0.55,0.47,-0.14,-1,116000,9,57730
2016-01-15,0.56,0.54,0.59,0.54,0.07,1,193000,8,109090
2016-01-18,0.47,0.62,0.64,0.47,0.08,1,340000,13,201810
2016-01-19,0.63,0.62,0.74,0.57,0.0,0,493000,28,310700
2016-01-20,0.62,0.53,0.64,0.53,-0.09,-1,211000,12,124800
2016-01-21,0.54,0.58,0.61,0.54,0.05,1,265000,9,150120
2016-01-22,0.6,0.53,0.6,0.53,-0.05,-1,451000,24,259660
2016-01-25,0.55,0.55,0.55,0.55,0.02,1,9000,1,4950
2016-01-26,0.54,0.56,0.58,0.54,0.01,1,132000,7,74830
2016-01-27,0.55,0.55,0.57,0.55,-0.01,-1,78000,5,43780
2016-01-28,0.54,0.54,0.54,0.54,-0.01,-1,26000,3,14040
2016-01-29,0.55,0.59,0.62,0.55,0.05,1,297000,10,177250
2016-01-30,0.64,0.6,0.64,0.59,0.01,1,506000,14,307630
2016-02-01,0.57,0.55,0.57,0.55,-0.05,-1,17000,2,9490
2016-02-02,0.6,0.62,0.63,0.6,0.07,1,272000,10,168610
2016-02-03,0.62,0.57,0.65,0.57,-0.05,-1,435000,15,265190
2016-02-15,0.57,0.56,0.57,0.56,-0.01,-1,150000,4,84520
2016-02-16,0.6,0.86,0.86,0.6,0.3,1,1409000,45,996580
2016-02-17,0.82,0.79,0.84,0.75,-0.07,-1,1603000,61,1271960
2016-02-18,0.83,0.8,0.89,0.8,0.01,1,1382000,50,1153180
2016-02-19,0.79,0.79,0.81,0.77,-0.01,-1,732000,30,582230
2016-02-22,0.81,0.89,1.04,0.81,0.1,1,2028000,57,1887560
2016-02-23,0.93,0.82,0.93,0.82,-0.07,-1,1023000,46,889560
2016-02-24,0.84,0.74,0.84,0.7,-0.08,-1,1213000,46,890400
2016-02-25,0.75,0.7,0.77,0.7,-0.04,-1,282000,12,203230
2016-02-26,0.69,0.76,0.76,0.66,0.06,1,449000,18,314380
2016-03-01,0.83,0.85,0.91,0.83,0.09,1,621000,23,539250
2016-03-02,0.86,0.86,0.87,0.75,0.01,1,1417000,49,1156690
2016-03-03,0.85,0.77,0.89,0.76,-0.09,-1,1541000,49,1247350
2016-03-04,0.78,0.77,0.78,0.72,0.0,0,901000,20,676660
2016-03-07,0.76,0.69,0.76,0.69,-0.08,-1,450000,12,328380
2016-03-08,0.71,0.78,0.85,0.66,0.09,1,817000,32,600360
2016-03-09,0.79,0.76,0.82,0.75,-0.02,-1,1583000,37,1249170
2016-03-10,0.76,0.73,0.76,0.7,-0.03,-1,499000,20,363590
2016-03-11,0.75,0.74,0.8,0.74,0.01,1,368000,20,281940
2016-03-14,0.76,0.73,0.76,0.72,-0.01,-1,309000,12,229620
2016-03-15,0.73,0.64,0.76,0.63,-0.09,-1,990000,14,666960
2016-03-16,0.67,0.67,0.67,0.67,0.03,1,30000,1,20100
2016-03-17,0.72,0.73,0.75,0.72,0.06,1,330000,5,242900
2016-03-18,0.83,0.76,0.83,0.76,0.03,1,484000,25,386410
2016-03-21,0.74,0.79,0.8,0.68,0.03,1,654000,17,490120
2016-03-22,0.82,0.82,0.98,0.8,0.03,1,877000,35,784960
2016-03-23,0.77,0.74,0.78,0.74,-0.08,-1,209000,12,159040
2016-03-24,0.77,0.83,0.84,0.74,0.09,1,478000,14,385090
2016-03-25,0.86,0.85,0.88,0.82,0.02,1,573000,23,491610
2016-03-28,0.79,0.7,0.79,0.7,-0.15,-1,305000,13,226800
2016-03-29,0.66,0.65,0.67,0.63,-0.05,-1,172000,5,114210
2016-03-30,0.73,0.75,0.75,0.7,0.1,1,1105000,17,808500
2016-03-31,0.77,0.72,0.82,0.72,-0.03,-1,647000,12,508930
2016-04-01,0.76,0.82,0.84,0.76,0.1,1,590000,14,462680
2016-04-06,0.75,0.81,0.86,0.75,-0.01,-1,1262000,36,1048120
2016-04-07,0.84,0.78,0.84,0.74,-0.03,-1,981000,31,780280
2016-04-08,0.73,0.74,0.74,0.73,-0.04,-1,71000,4,52030
2016-04-11,0.69,0.66,0.69,0.66,-0.08,-1,110000,4,75000
2016-04-12,0.66,0.56,0.66,0.56,-0.1,-1,449000,7,274020
2016-04-13,0.57,0.57,0.57,0.57,0.01,1,5000,1,2850
2016-04-14,0.59,0.63,0.66,0.59,0.06,1,652000,18,404010
2016-04-15,0.56,0.59,0.61,0.55,-0.04,-1,656000,16,385090
2016-04-19,0.5,0.5,0.5,0.5,-0.08,-1,14000,3,7000
2016-04-20,0.48,0.45,0.48,0.45,-0.05,-1,19000,2,8820
2016-04-21,0.45,0.45,0.46,0.42,0.0,0,290000,16,128550
2016-04-22,0.45,0.45,0.45,0.45,0.0,0,20000,2,9000
2016-04-25,0.41,0.41,0.41,0.41,-0.04,-1,100000,1,41000
2016-04-26,0.43,0.42,0.44,0.42,0.01,1,205000,3,87200
2016-04-27,0.43,0.39,0.43,0.39,-0.03,-1,118000,2,46740
2016-04-28,0.41,0.32,0.41,0.32,-0.07,-1,436000,8,141780
2016-04-29,0.31,0.29,0.31,0.28,-0.03,-1,400000,5,118500
2016-05-03,0.26,0.24,0.26,0.24,-0.05,-1,434000,23,108240
2016-05-05,0.26,0.28,0.28,0.26,0.04,1,250000,17,67000
2016-05-06,0.26,0.25,0.26,0.25,-0.03,-1,205000,11,52250
2016-05-09,0.25,0.25,0.25,0.25,0.0,0,97000,11,24250
2016-05-10,0.28,0.28,0.28,0.28,0.03,1,10000,1,2800
2016-05-11,0.31,0.32,0.32,0.31,0.04,1,25000,3,7850
2016-05-12,0.3,0.3,0.34,0.3,-0.02,-1,41000,4,12680
2016-05-13,0.27,0.22,0.29,0.22,-0.08,-1,357000,16,91790
2016-05-16,0.19,0.19,0.19,0.19,-0.03,-1,160000,2,30400
2016-05-17,0.23,0.23,0.23,0.23,0.04,1,8000,1,1840
2016-05-18,0.2,0.19,0.2,0.19,-0.04,-1,78000,2,14900
2016-05-19,0.17,0.17,0.17,0.17,-0.02,-1,80000,1,13600
2016-05-26,0.23,0.24,0.25,0.23,0.03,1,32000,4,7800
2016-05-27,0.26,0.27,0.27,0.26,0.03,1,66000,5,17810
2016-05-30,0.24,0.25,0.25,0.24,-0.02,-1,17000,2,4180
2016-05-31,0.2,0.2,0.2,0.2,-0.05,-1,24000,1,4800
2016-06-02,0.26,0.29,0.35,0.26,0.07,1,81000,9,26620
2016-06-03,0.23,0.23,0.23,0.23,-0.06,-1,50000,1,11500
2016-06-07,0.27,0.25,0.27,0.25,0.04,1,20000,3,5250
2016-06-08,0.21,0.26,0.26,0.21,0.01,1,20000,3,4550
2016-06-13,0.2,0.2,0.2,0.2,-0.06,-1,10000,1,2000
