date,OP,CP,HP,LP,DF,RD,TV,TC,TO
2015-12-25,0.66,0.66,0.66,0.66,0.01,1,60000,2,39600
2015-12-29,0.63,0.63,0.63,0.63,-0.03,-1,104000,4,65520
2015-12-30,0.65,0.65,0.65,0.65,0.02,1,60000,2,39000
2016-01-04,0.6,0.6,0.6,0.6,-0.06,-1,6000,1,3600
2016-01-05,0.57,0.55,0.57,0.55,-0.05,-1,25000,2,13870
2016-01-06,0.57,0.59,0.59,0.57,0.04,1,114000,5,66580
2016-01-07,0.57,0.55,0.58,0.55,-0.04,-1,462000,13,263930
2016-01-08,0.56,0.6,0.6,0.56,0.05,1,307000,7,175420
2016-01-11,0.59,0.57,0.62,0.57,-0.03,-1,170000,8,100640
2016-01-12,0.58,0.5,0.58,0.5,-0.07,-1,182000,5,99470
2016-01-13,0.51,0.51,0.51,0.51,0.01,1,10000,1,5100
2016-01-14,0.49,0.46,0.49,0.46,-0.05,-1,30000,3,14300
2016-01-15,0.47,0.49,0.49,0.47,0.03,1,40000,4,19100
2016-01-18,0.45,0.45,0.45,0.44,-0.04,-1,129000,4,57950
2016-01-19,0.48,0.47,0.49,0.47,0.02,1,212000,7,102020
2016-01-20,0.45,0.43,0.45,0.43,-0.04,-1,30000,2,13300
2016-01-21,0.4,0.39,0.4,0.39,-0.04,-1,120000,2,47400
2016-01-22,0.44,0.44,0.44,0.38,0.05,1,90000,5,38100
2016-01-25,0.44,0.42,0.44,0.42,-0.02,-1,132000,7,56360
2016-01-26,0.42,0.41,0.42,0.4,-0.01,-1,90000,5,37200
2016-01-27,0.4,0.4,0.4,0.4,-0.01,-1,10000,1,4000
2016-01-28,0.42,0.46,0.46,0.42,0.06,1,220000,5,99200
2016-01-29,0.46,0.46,0.54,0.45,0.0,0,430000,11,218200
2016-01-30,0.48,0.52,0.54,0.48,0.06,1,227000,8,117880
2016-02-01,0.54,0.51,0.54,0.5,-0.01,-1,190000,6,99900
2016-02-03,0.46,0.45,0.46,0.45,-0.02,-1,45000,2,20450
2016-02-15,0.47,0.48,0.49,0.47,0.03,1,240000,4,115200
2016-02-16,0.53,0.52,0.53,0.5,0.04,1,45000,3,23500
2016-02-17,0.48,0.49,0.49,0.48,-0.03,-1,25000,2,12050
2016-02-18,0.51,0.51,0.51,0.51,0.02,1,10000,1,5100
2016-02-19,0.54,0.53,0.54,0.53,0.02,1,180000,2,96300
2016-02-22,0.51,0.6,0.6,0.51,0.07,1,717000,16,391320
2016-02-23,0.62,0.75,0.8,0.59,0.15,1,2813000,85,1922230
2016-02-24,0.84,0.76,0.88,0.75,0.01,1,2397000,76,1960260
2016-02-25,0.77,0.68,0.77,0.68,-0.08,-1,862000,33,630130
2016-02-26,0.7,0.7,0.71,0.64,0.02,1,242000,10,167710
2016-03-01,0.7,0.7,0.71,0.7,0.0,0,323000,11,228710
2016-03-02,0.72,0.67,0.72,0.67,-0.03,-1,321000,12,226380
2016-03-03,0.7,0.63,0.7,0.6,-0.04,-1,223000,14,141160
2016-03-04,0.65,0.65,0.67,0.65,0.02,1,262000,9,171710
2016-03-07,0.66,0.77,0.77,0.66,0.12,1,934000,37,655120
2016-03-08,0.77,0.69,0.77,0.64,-0.08,-1,994000,40,716580
2016-03-09,0.63,0.6,0.65,0.6,-0.09,-1,511000,18,319360
2016-03-10,0.63,0.63,0.64,0.63,0.03,1,123000,6,77690
2016-03-11,0.59,0.59,0.6,0.59,-0.04,-1,65000,5,38550
2016-03-14,0.61,0.73,0.74,0.61,0.14,1,985000,32,667670
2016-03-15,0.72,0.63,0.72,0.63,-0.1,-1,652000,11,456430
2016-03-16,0.62,0.65,0.65,0.62,0.02,1,126000,3,81750
2016-03-17,0.71,0.65,0.72,0.63,0.0,0,344000,12,239150
2016-03-18,0.65,0.63,0.66,0.63,-0.02,-1,155000,6,99450
2016-03-21,0.67,0.67,0.71,0.66,0.04,1,872000,23,592570
2016-03-22,0.63,0.68,0.72,0.63,0.01,1,1008000,36,673250
2016-03-23,0.68,0.62,0.68,0.61,-0.06,-1,272000,18,178960
2016-03-24,0.6,0.61,0.62,0.6,-0.01,-1,84000,4,51200
2016-03-25,0.62,0.61,0.62,0.6,0.0,0,241000,11,148230
2016-03-28,0.61,0.61,0.66,0.61,0.0,0,716000,29,451790
2016-03-29,0.59,0.49,0.62,0.46,-0.12,-1,957000,32,538530
2016-03-30,0.5,0.59,0.59,0.5,0.1,1,70000,5,38000
2016-03-31,0.64,0.63,0.66,0.6,0.04,1,222000,13,141050
2016-04-01,0.59,0.62,0.62,0.58,-0.01,-1,181000,11,107180
2016-04-06,0.56,0.55,0.56,0.55,-0.07,-1,77000,3,42520
2016-04-07,0.53,0.51,0.53,0.51,-0.04,-1,34000,2,17540
2016-04-08,0.5,0.62,0.62,0.5,0.11,1,239000,13,141340
2016-04-11,0.54,0.49,0.54,0.49,-0.13,-1,337000,13,171290
2016-04-12,0.5,0.41,0.5,0.41,-0.08,-1,207000,8,92690
2016-04-13,0.42,0.42,0.44,0.42,0.01,1,170000,6,73000
2016-04-14,0.43,0.44,0.46,0.43,0.02,1,120000,6,54200
2016-04-15,0.44,0.41,0.44,0.41,-0.03,-1,135000,6,57650
2016-04-18,0.34,0.32,0.34,0.32,-0.09,-1,125000,6,41900
2016-04-19,0.31,0.31,0.31,0.31,-0.01,-1,25000,2,7750
2016-04-20,0.3,0.32,0.32,0.3,0.01,1,18000,2,5700
2016-04-21,0.31,0.29,0.31,0.27,-0.03,-1,45000,4,13100
2016-04-22,0.28,0.27,0.28,0.27,-0.02,-1,90000,4,24450
2016-04-25,0.26,0.25,0.26,0.25,-0.02,-1,30000,2,7650
2016-04-26,0.24,0.24,0.24,0.24,-0.01,-1,76000,3,18240
2016-04-28,0.23,0.28,0.28,0.23,0.04,1,175000,9,46450
2016-04-29,0.23,0.22,0.23,0.22,-0.06,-1,30000,2,6750
2016-05-03,0.2,0.17,0.2,0.17,-0.05,-1,35000,2,6400
2016-05-06,0.18,0.18,0.18,0.18,-0.01,-1,20000,1,3600
2016-05-16,0.06,0.06,0.06,0.06,-0.04,-1,100000,1,6000
2016-05-27,0.03,0.03,0.03,0.03,-0.02,-1,20000,1,600
2016-05-31,0.03,0.03,0.03,0.03,0.0,0,20000,1,600
