date,OP,CP,HP,LP,DF,RD,TV,TC,TO
2016-01-30,1.18,1.18,1.18,1.18,0.09,1,25000,2,29500
2016-02-01,1.12,1.29,1.31,1.12,0.11,1,550000,21,687520
2016-02-02,1.37,1.29,1.37,1.26,0.0,0,514000,14,689340
2016-02-03,1.36,1.27,1.36,1.2,-0.02,-1,11000,3,14350
2016-02-15,1.05,0.98,1.05,0.98,-0.29,-1,97000,3,101640
2016-02-16,1.06,1.02,1.09,0.97,0.04,1,480000,8,482720
2016-02-17,1.03,0.96,1.04,0.96,-0.06,-1,435000,11,428530
2016-02-18,1.0,0.97,1.0,0.95,0.01,1,239000,10,234760
2016-02-19,0.97,1.02,1.03,0.97,0.05,1,472000,9,473510
2016-02-22,0.98,1.13,1.13,0.98,0.11,1,1336000,24,1409930
2016-02-23,1.08,1.1,1.14,1.06,-0.03,-1,913000,16,976490
2016-02-24,0.93,0.95,0.95,0.93,-0.15,-1,35000,2,32850
2016-02-25,0.98,0.98,0.98,0.98,0.03,1,60000,3,58800
2016-02-26,0.94,1.04,1.04,0.94,0.06,1,325000,5,337150
2016-03-01,1.04,1.02,1.05,1.02,-0.02,-1,385000,5,402650
2016-03-02,1.04,1.13,1.17,1.04,0.11,1,1454000,31,1622450
2016-03-03,1.15,1.23,1.23,1.06,0.1,1,1629000,89,1850560
2016-03-04,1.33,1.21,1.33,1.17,-0.02,-1,473000,28,607780
2016-03-07,1.21,1.14,1.22,1.13,-0.07,-1,301000,36,354520
2016-03-08,1.13,1.13,1.13,1.07,-0.01,-1,277000,14,309810
2016-03-09,1.02,1.07,1.08,1.0,-0.06,-1,481000,25,505150
2016-03-10,1.06,1.05,1.07,1.05,-0.02,-1,259000,10,275690
2016-03-11,1.12,1.12,1.19,1.08,0.07,1,1035000,24,1180930
2016-03-14,1.08,1.06,1.09,1.03,-0.06,-1,561000,14,595760
2016-03-15,1.03,0.86,1.03,0.86,-0.2,-1,414000,9,412200
2016-03-16,0.82,0.86,0.9,0.82,0.0,0,982000,22,842830
2016-03-17,0.83,0.84,0.87,0.83,-0.02,-1,923000,25,793850
2016-03-18,0.85,0.98,1.01,0.85,0.14,1,452000,22,432320
2016-03-21,0.93,0.95,0.99,0.93,-0.03,-1,191000,8,180990
2016-03-22,0.94,0.88,0.94,0.86,-0.07,-1,223000,8,196850
2016-03-23,0.91,0.91,0.99,0.89,0.03,1,164000,11,154630
2016-03-24,0.76,0.98,0.98,0.74,0.07,1,713000,24,619210
2016-03-25,0.91,0.92,0.97,0.87,-0.06,-1,567000,24,508770
2016-03-28,0.87,0.83,0.87,0.81,-0.09,-1,105000,5,87460
2016-03-29,0.84,0.74,0.88,0.74,-0.09,-1,52000,10,44580
2016-03-30,0.77,0.76,0.77,0.73,0.02,1,29000,5,21740
2016-03-31,0.78,0.72,0.78,0.71,-0.04,-1,57000,3,40550
2016-04-01,0.73,0.73,0.74,0.71,0.01,1,23000,4,16400
2016-04-06,0.64,0.66,0.7,0.64,-0.07,-1,244000,6,158160
2016-04-07,0.65,0.61,0.66,0.54,-0.05,-1,310000,15,192000
2016-04-08,0.69,0.83,0.87,0.64,0.22,1,1213000,42,897380
2016-04-11,0.73,0.74,0.8,0.7,-0.09,-1,975000,40,726710
2016-04-12,0.7,0.68,0.7,0.67,-0.06,-1,400000,6,276270
2016-04-13,0.63,0.61,0.63,0.6,-0.07,-1,155000,8,93550
2016-04-14,0.64,0.61,0.64,0.61,0.0,0,126000,5,80010
2016-04-15,0.63,0.64,0.64,0.61,0.03,1,142000,9,86880
2016-04-18,0.6,0.58,0.6,0.58,-0.06,-1,37000,3,21800
2016-04-19,0.54,0.53,0.54,0.53,-0.05,-1,12000,2,6380
2016-04-20,0.46,0.45,0.46,0.44,-0.08,-1,104000,5,47270
2016-04-21,0.41,0.35,0.41,0.32,-0.1,-1,177000,9,62190
2016-04-22,0.31,0.29,0.31,0.26,-0.06,-1,109000,5,32180
2016-04-25,0.28,0.33,0.33,0.28,0.04,1,94000,7,28590
2016-04-26,0.33,0.3,0.33,0.29,-0.03,-1,72000,5,21980
2016-04-27,0.26,0.28,0.28,0.26,-0.02,-1,40000,3,10430
2016-04-28,0.28,0.25,0.28,0.24,-0.03,-1,22000,3,5330
2016-04-29,0.25,0.27,0.27,0.25,0.02,1,3000,3,780
2016-05-03,0.27,0.27,0.27,0.27,0.0,0,1000,1,270
2016-05-11,0.14,0.14,0.14,0.14,0.01,1,1000,1,140
2016-05-12,0.16,0.21,0.21,0.16,0.07,1,6000,6,1090
2016-05-13,0.24,0.24,0.24,0.24,0.03,1,1000,1,240
2016-05-16,0.28,0.28,0.28,0.28,0.04,1,1000,1,280
2016-05-18,0.17,0.2,0.2,0.17,0.04,1,9000,3,1570
2016-05-19,0.21,0.23,0.24,0.21,0.03,1,13000,4,2780
2016-05-23,0.21,0.22,0.22,0.21,0.03,1,2000,2,430
2016-05-26,0.21,0.21,0.21,0.21,0.02,1,1000,1,210
2016-05-31,0.18,0.18,0.18,0.18,0.02,1,1000,1,180
2016-06-01,0.19,0.22,0.22,0.19,0.04,1,3000,3,620
2016-06-04,0.17,0.17,0.17,0.17,0.01,1,197000,2,33490
2016-06-07,0.16,0.16,0.16,0.16,0.0,0,50000,1,8000
2016-06-08,0.15,0.15,0.15,0.15,-0.01,-1,100000,1,15000
2016-07-01,0.11,0.11,0.11,0.11,-0.02,-1,140000,1,15400
2016-07-12,0.07,0.09,0.09,0.07,0.04,1,20000,2,1600
2016-07-13,0.04,0.04,0.04,0.04,-0.05,-1,20000,1,800
2016-07-20,0.07,0.07,0.07,0.07,0.03,1,85000,7,5950
2016-07-22,0.02,0.02,0.02,0.02,-0.02,-1,85000,1,1700
2016-07-25,0.02,0.02,0.02,0.02,0.0,0,247000,1,4940
