date,OP,CP,HP,LP,DF,RD,TV,TC,TO
2015-11-24,1.18,1.25,1.25,1.16,0.19,1,257000,4,300650
2015-11-25,1.25,1.3,1.3,1.25,0.05,1,489000,7,627790
2015-11-26,1.24,1.22,1.24,1.22,-0.08,-1,412000,9,507720
2015-11-27,1.24,1.24,1.24,1.24,0.02,1,38000,1,47120
2015-11-30,1.31,1.29,1.34,1.28,0.05,1,1153000,21,1524570
2015-12-01,1.23,1.23,1.23,1.21,-0.06,-1,977000,13,1200840
2015-12-02,1.18,1.15,1.18,1.14,-0.08,-1,176000,5,204620
2015-12-03,1.19,1.19,1.19,1.19,0.04,1,17000,1,20230
2015-12-04,1.2,1.23,1.24,1.2,0.04,1,1051000,19,1282070
2015-12-07,1.17,1.18,1.18,1.11,-0.05,-1,1022000,34,1158620
2015-12-08,1.21,1.24,1.24,1.21,0.06,1,374000,10,461710
2015-12-09,1.25,1.33,1.33,1.25,0.09,1,827000,21,1082420
2015-12-10,1.35,1.32,1.4,1.32,-0.01,-1,1069000,31,1470730
2015-12-11,1.29,1.39,1.39,1.29,0.07,1,376000,10,506900
2015-12-14,1.47,1.58,1.58,1.47,0.19,1,959000,29,1472090
2015-12-15,1.53,1.27,1.54,1.27,-0.31,-1,871000,42,1267880
2015-12-16,1.2,1.25,1.25,1.15,-0.02,-1,255000,18,304660
2015-12-17,1.23,1.21,1.23,1.21,-0.04,-1,20000,2,24400
2015-12-18,1.18,1.16,1.19,1.16,-0.05,-1,207000,8,244560
2015-12-21,1.17,1.17,1.17,1.12,0.01,1,327000,12,371920
2015-12-22,1.16,1.18,1.18,1.16,0.01,1,320000,5,376200
2015-12-23,1.22,1.28,1.31,1.22,0.1,1,1414000,36,1778370
2015-12-24,1.26,1.31,1.31,1.22,0.03,1,1423000,51,1810770
2015-12-25,1.31,1.33,1.35,1.29,0.02,1,221000,11,295680
2015-12-29,1.35,1.37,1.39,1.35,0.07,1,624000,9,852280
2015-12-30,1.31,1.31,1.31,1.3,-0.06,-1,404000,7,529040
2015-12-31,1.35,1.3,1.36,1.3,-0.01,-1,298000,7,400180
2016-01-04,1.3,1.43,1.43,1.28,0.13,1,476000,23,649950
2016-01-05,1.33,1.23,1.33,1.23,-0.2,-1,336000,20,427900
2016-01-06,1.27,1.3,1.32,1.26,0.07,1,119000,8,154160
2016-01-07,1.36,1.45,1.54,1.33,0.15,1,585000,21,839700
2016-01-08,1.48,1.42,1.48,1.38,-0.03,-1,527000,28,743590
2016-01-11,1.39,1.46,1.52,1.39,0.04,1,246000,8,360160
2016-01-12,1.37,1.4,1.4,1.36,-0.06,-1,360000,9,496210
2016-01-13,1.33,1.46,1.47,1.33,0.06,1,397000,15,565490
2016-01-14,1.56,1.5,1.59,1.5,0.04,1,1285000,45,1984950
2016-01-15,1.41,1.48,1.49,1.4,-0.02,-1,748000,16,1103030
2016-01-18,1.47,1.36,1.47,1.36,-0.12,-1,307000,12,444410
2016-01-19,1.4,1.34,1.4,1.34,-0.02,-1,68000,8,93900
2016-01-20,1.39,1.42,1.42,1.39,0.08,1,49000,3,68410
2016-01-21,1.41,1.42,1.42,1.41,0.0,0,29000,3,41080
2016-01-28,1.28,1.29,1.29,1.28,-0.03,-1,88000,2,113440
2016-01-29,1.08,1.12,1.13,1.08,-0.17,-1,225000,8,251390
2016-01-30,1.07,1.08,1.08,1.07,-0.04,-1,140000,3,151100
2016-02-01,1.13,1.1,1.13,1.1,0.02,1,87000,4,97710
2016-02-15,0.95,0.93,0.95,0.92,-0.14,-1,16000,3,14910
2016-02-16,0.87,0.9,0.9,0.87,-0.03,-1,76000,4,68220
2016-02-17,0.89,0.87,0.89,0.87,-0.03,-1,24000,2,21080
2016-02-18,0.88,0.86,0.9,0.85,-0.01,-1,174000,8,150840
2016-02-19,0.89,0.87,0.9,0.86,0.01,1,162000,8,142880
2016-02-23,0.84,0.84,0.84,0.84,-0.01,-1,72000,1,60480
2016-02-24,0.87,0.86,0.87,0.86,0.02,1,112000,4,97320
2016-02-25,0.85,0.9,0.9,0.85,0.04,1,118000,3,104700
2016-02-26,0.82,0.75,0.82,0.75,-0.15,-1,182000,5,147360
2016-03-01,0.73,0.74,0.74,0.73,-0.01,-1,22000,2,16180
2016-03-02,0.64,0.66,0.68,0.64,-0.08,-1,111000,6,73980
2016-03-03,0.67,0.75,0.77,0.66,0.09,1,330000,16,239000
2016-03-04,0.72,0.72,0.73,0.72,-0.03,-1,313000,8,227860
2016-03-09,0.67,0.71,0.71,0.67,0.04,1,295000,9,205250
2016-03-10,0.68,0.69,0.69,0.65,-0.02,-1,342000,8,229400
2016-03-11,0.73,0.73,0.76,0.73,0.04,1,220000,6,164220
2016-03-14,0.66,0.67,0.68,0.66,-0.06,-1,160000,4,107300
2016-03-15,0.6,0.67,0.67,0.58,0.0,0,37000,4,23360
2016-03-17,0.57,0.59,0.59,0.57,-0.06,-1,30000,3,17400
2016-03-18,0.55,0.55,0.55,0.55,-0.04,-1,3000,1,1650
2016-03-21,0.55,0.54,0.55,0.54,-0.01,-1,64000,2,34880
2016-03-22,0.59,0.6,0.6,0.59,0.06,1,234000,4,138260
2016-03-23,0.52,0.59,0.59,0.52,-0.01,-1,181000,3,95030
2016-03-24,0.62,0.62,0.62,0.62,0.03,1,21000,1,13020
2016-03-29,0.57,0.59,0.59,0.57,0.04,1,300000,2,174000
2016-03-30,0.53,0.52,0.53,0.52,-0.07,-1,300000,7,156200
2016-04-06,0.44,0.38,0.45,0.36,-0.12,-1,85000,9,33300
2016-04-11,0.35,0.35,0.35,0.35,-0.08,-1,5000,1,1750
2016-04-12,0.31,0.37,0.37,0.31,0.02,1,95000,3,34350
2016-04-13,0.33,0.36,0.36,0.33,-0.01,-1,356000,7,126610
2016-04-14,0.31,0.31,0.31,0.3,-0.05,-1,301000,7,90700
2016-04-18,0.27,0.25,0.27,0.25,-0.09,-1,30000,2,7700
2016-04-19,0.23,0.25,0.25,0.23,0.0,0,20000,2,4800
2016-04-20,0.31,0.33,0.33,0.31,0.08,1,20000,2,6400
2016-04-21,0.3,0.36,0.36,0.3,0.03,1,272000,3,97320
2016-04-22,0.31,0.34,0.36,0.3,-0.02,-1,282000,11,86100
2016-04-25,0.3,0.29,0.3,0.29,-0.05,-1,65000,2,18950
2016-04-27,0.24,0.25,0.25,0.24,-0.01,-1,20000,2,4900
2016-05-04,0.3,0.34,0.34,0.3,0.07,1,20000,2,6400
2016-05-05,0.34,0.34,0.34,0.34,0.0,0,150000,1,51000
2016-05-06,0.33,0.33,0.33,0.33,-0.01,-1,150000,1,49500
2016-05-11,0.36,0.36,0.36,0.36,0.0,0,600000,5,216000
2016-05-12,0.35,0.39,0.39,0.35,0.03,1,760000,15,278200
2016-05-13,0.33,0.32,0.33,0.32,-0.07,-1,150000,4,49080
2016-05-19,0.3,0.3,0.3,0.3,0.05,1,10000,1,3000
2016-05-20,0.37,0.37,0.37,0.37,0.07,1,13000,1,4810
2016-05-23,0.25,0.23,0.25,0.23,-0.14,-1,23000,2,5490
2016-05-26,0.15,0.15,0.15,0.15,-0.05,-1,10000,1,1500
2016-06-21,0.01,0.01,0.01,0.01,0.0,0,10000,10,100
