date,OP,CP,HP,LP,DF,RD,TV,TC,TO
2016-04-21,1.08,1.08,1.08,1.08,0.01,1,56000,1,60480
2016-04-22,1.04,1.0,1.04,1.0,-0.08,-1,96000,2,98240
2016-04-25,0.99,0.99,0.99,0.99,-0.01,-1,8000,2,7920
2016-04-26,0.95,0.95,0.95,0.95,-0.04,-1,8000,2,7600
2016-04-29,0.88,0.89,0.89,0.88,0.02,1,403000,3,357650
2016-05-03,0.8,0.78,0.8,0.78,-0.11,-1,438000,6,346040
2016-05-04,0.73,0.7,0.75,0.7,-0.08,-1,125000,6,92050
2016-05-05,0.74,0.74,0.75,0.73,0.04,1,870000,7,649750
2016-05-06,0.79,0.81,0.83,0.79,0.07,1,1070000,16,870280
2016-05-09,0.69,0.76,0.76,0.69,-0.05,-1,417000,8,299070
2016-05-10,0.79,0.79,0.79,0.79,0.03,1,168000,3,132720
2016-05-11,0.96,1.08,1.08,0.96,0.29,1,710000,11,708860
2016-05-12,1.11,1.2,1.21,1.1,0.12,1,1764000,34,2045200
2016-05-13,1.14,1.14,1.18,1.04,-0.06,-1,1417000,25,1639560
2016-05-16,1.2,1.19,1.22,1.18,0.05,1,662000,6,792000
2016-05-17,1.15,1.19,1.19,1.12,0.0,0,721000,29,836270
2016-05-18,1.23,1.43,1.47,1.23,0.24,1,1541000,31,2050930
2016-05-19,1.32,1.27,1.34,1.26,-0.16,-1,1216000,72,1585960
2016-05-20,1.32,1.33,1.34,1.21,0.06,1,339000,14,439230
2016-05-23,1.19,1.28,1.31,1.19,-0.05,-1,190000,9,229040
2016-05-24,1.32,1.32,1.41,1.32,0.04,1,351000,9,487240
2016-05-25,1.37,1.32,1.38,1.32,0.0,0,399000,13,539710
2016-05-26,1.27,1.25,1.28,1.25,-0.07,-1,193000,5,242770
2016-05-30,1.22,1.22,1.25,1.22,-0.02,-1,61000,3,75620
2016-05-31,1.24,1.24,1.26,1.24,0.02,1,73000,4,90560
2016-06-02,1.13,1.18,1.19,1.13,-0.01,-1,10000,4,11530
2016-06-03,1.19,1.19,1.19,1.16,0.01,1,263000,5,310770
2016-06-04,1.17,1.16,1.17,1.16,-0.03,-1,168000,2,196060
2016-06-06,1.21,1.19,1.21,1.19,0.03,1,20000,3,24020
2016-06-07,1.29,1.28,1.34,1.28,0.09,1,764000,13,991540
2016-06-08,1.27,1.35,1.44,1.27,0.07,1,1125000,19,1573500
2016-06-13,1.2,1.21,1.23,1.2,-0.14,-1,347000,5,420090
2016-06-14,1.09,1.08,1.09,1.08,-0.13,-1,17000,2,18520
2016-06-15,1.08,1.11,1.11,1.08,0.03,1,105000,3,116400
2016-06-16,1.1,1.11,1.11,1.1,0.0,0,100000,2,110500
2016-06-17,1.14,1.14,1.14,1.14,0.03,1,71000,2,80940
2016-06-20,1.18,1.19,1.19,1.18,0.05,1,13000,2,15440
2016-06-21,1.24,1.24,1.24,1.24,0.05,1,10000,1,12400
2016-06-23,1.21,1.18,1.21,1.18,-0.02,-1,25000,2,29650
2016-06-24,1.18,1.07,1.18,1.07,-0.11,-1,23000,2,26810
2016-06-27,1.18,1.24,1.32,1.18,0.17,1,818000,13,997290
2016-06-28,1.2,1.28,1.29,1.2,0.04,1,1117000,15,1388970
2016-06-29,1.3,1.28,1.3,1.28,0.0,0,329000,11,421910
2016-07-01,1.14,1.16,1.17,1.14,-0.1,-1,460000,4,532100
2016-07-04,1.19,1.14,1.19,1.14,-0.02,-1,464000,4,541460
2016-07-05,1.25,1.34,1.34,1.25,0.2,1,1188000,23,1535600
2016-07-06,1.26,1.29,1.32,1.25,-0.05,-1,937000,47,1187270
2016-07-07,1.41,1.34,1.52,1.34,0.05,1,351000,18,497500
2016-07-11,1.41,1.47,1.47,1.38,0.13,1,87000,9,124050
2016-07-12,1.45,1.51,1.51,1.45,0.04,1,56000,6,82230
2016-07-13,1.48,1.57,1.57,1.46,0.06,1,180000,6,272940
2016-07-14,1.55,1.55,1.56,1.51,-0.02,-1,109000,10,167600
2016-07-15,1.64,1.68,1.7,1.62,0.13,1,365000,18,609490
2016-07-18,1.79,1.68,1.79,1.67,0.0,0,262000,12,459850
2016-07-19,1.57,1.57,1.57,1.57,-0.11,-1,1000,1,1570
2016-07-20,1.5,1.56,1.56,1.5,-0.01,-1,14000,3,21090
2016-07-21,1.5,1.47,1.5,1.47,-0.09,-1,74000,3,110130
2016-07-22,1.4,1.4,1.4,1.4,-0.07,-1,5000,1,7000
2016-07-25,1.26,1.26,1.26,1.26,-0.14,-1,10000,1,12600
2016-07-26,1.38,1.48,1.52,1.38,0.22,1,198000,9,297800
2016-07-27,1.44,1.47,1.47,1.44,-0.01,-1,80000,5,116250
2016-07-28,1.57,1.57,1.59,1.57,0.1,1,134000,7,211140
2016-07-29,1.52,1.52,1.52,1.48,-0.05,-1,90000,7,134640
2016-08-01,1.45,1.52,1.57,1.45,0.0,0,116000,8,178580
2016-08-02,1.49,1.49,1.55,1.49,-0.03,-1,55000,4,83450
2016-08-03,1.41,1.4,1.41,1.4,-0.09,-1,25000,2,35050
2016-08-04,1.3,1.28,1.3,1.28,-0.12,-1,86000,2,111400
2016-08-05,1.2,1.15,1.2,1.15,-0.13,-1,255000,6,300800
2016-08-08,1.14,1.14,1.14,1.14,-0.01,-1,136000,1,155040
2016-08-09,1.26,1.25,1.27,1.25,0.11,1,83000,6,105080
2016-08-10,1.13,1.05,1.13,1.05,-0.2,-1,76000,8,85030
2016-08-11,1.06,1.08,1.08,1.05,0.03,1,35000,4,37300
2016-08-12,1.08,1.02,1.08,1.02,-0.06,-1,22000,2,23040
2016-08-15,1.15,1.37,1.37,1.15,0.35,1,201000,9,252570
2016-08-16,1.68,1.77,1.78,1.66,0.4,1,372000,18,638730
2016-08-17,1.73,1.58,1.81,1.58,-0.19,-1,237000,15,406670
2016-08-18,1.6,1.58,1.62,1.58,0.0,0,23000,4,37000
2016-08-19,1.68,1.68,1.68,1.68,0.1,1,6000,1,10080
2016-08-22,1.49,1.45,1.49,1.45,-0.23,-1,20000,2,29400
2016-08-25,1.29,1.29,1.29,1.29,-0.12,-1,1000,1,1290
2016-08-26,1.34,1.34,1.34,1.34,0.05,1,3000,1,4020
2016-08-29,1.25,1.25,1.25,1.25,-0.09,-1,3000,1,3750
2016-08-30,1.45,1.46,1.46,1.45,0.21,1,21000,3,30550
2016-08-31,1.43,1.43,1.43,1.43,-0.03,-1,10000,1,14300
2016-09-01,1.39,1.39,1.39,1.39,-0.04,-1,1000,1,1390
2016-09-07,1.52,1.59,1.59,1.52,0.23,1,47000,6,72380
2016-09-08,1.58,1.51,1.58,1.51,-0.08,-1,32000,4,50420
2016-09-19,1.22,1.23,1.23,1.22,0.01,1,45000,2,55200
