date,OP,CP,HP,LP,DF,RD,TV,TC,TO
2016-12-26,1.17,1.11,1.19,1.11,0.01,1,546000,16,610330
2016-12-27,1.12,1.08,1.15,1.08,-0.03,-1,925000,22,1035640
2016-12-28,1.09,1.12,1.12,1.04,0.04,1,884000,14,940330
2016-12-29,1.12,1.12,1.22,1.12,0.0,0,880000,17,1008740
2016-12-30,1.1,1.07,1.12,1.06,-0.05,-1,341000,14,374700
2017-01-03,1.09,1.12,1.14,1.09,0.05,1,41000,11,45960
2017-01-04,1.08,1.12,1.13,1.08,0.0,0,405000,12,455070
2017-01-05,1.15,1.51,1.51,1.15,0.39,1,1103000,64,1424470
2017-01-06,1.56,1.48,1.6,1.43,-0.03,-1,867000,46,1316470
2017-01-09,1.42,1.35,1.42,1.35,-0.13,-1,85000,14,117560
2017-01-10,1.34,1.39,1.48,1.34,0.04,1,312000,18,451120
2017-01-11,1.49,1.55,1.63,1.48,0.16,1,1231000,40,1915060
2017-01-12,1.55,1.53,1.61,1.5,-0.02,-1,994000,35,1554480
2017-01-13,1.47,1.39,1.47,1.36,-0.14,-1,529000,18,744660
2017-01-16,1.38,1.27,1.38,1.27,-0.12,-1,508000,25,667960
2017-01-17,1.31,1.3,1.36,1.3,0.03,1,203000,9,272480
2017-01-18,1.3,1.29,1.3,1.26,-0.01,-1,96000,7,124000
2017-01-19,1.33,1.43,1.46,1.33,0.14,1,866000,35,1198300
2017-01-20,1.41,1.39,1.46,1.39,-0.04,-1,849000,26,1210450
2017-01-23,1.4,1.5,1.59,1.4,0.11,1,506000,23,763710
2017-01-24,1.51,1.47,1.55,1.46,-0.03,-1,542000,22,813150
2017-02-02,1.45,1.48,1.48,1.41,0.01,1,53000,9,76090
2017-02-03,1.47,1.46,1.89,1.46,-0.02,-1,1251000,55,2123290
2017-02-06,1.49,1.52,1.52,1.41,0.06,1,904000,52,1334720
2017-02-07,1.54,1.61,1.71,1.54,0.09,1,904000,30,1493840
2017-02-08,1.62,1.56,1.62,1.53,-0.05,-1,671000,37,1065620
2017-02-09,1.47,1.44,1.47,1.4,-0.12,-1,249000,15,360060
2017-02-10,1.59,1.48,1.62,1.48,0.04,1,293000,13,463640
2017-02-13,1.51,1.72,1.73,1.51,0.24,1,1441000,51,2386830
2017-02-14,1.88,1.88,2.2,1.79,0.16,1,1063000,64,2047350
2017-02-15,1.93,1.89,1.95,1.83,0.01,1,224000,23,426700
2017-02-16,1.93,2.11,2.11,1.93,0.22,1,50000,9,103240
2017-02-17,2.1,2.08,2.36,2.05,-0.03,-1,485000,21,1054200
2017-02-18,2.12,2.59,2.6,2.04,0.51,1,229000,22,517750
2017-02-20,2.81,2.86,3.15,2.5,0.27,1,322000,38,899860
2017-02-21,3.04,3.18,3.18,2.64,0.32,1,506000,20,1447800
2017-02-22,3.44,4.1,4.1,3.34,0.92,1,125000,13,431770
2017-02-23,4.19,3.87,4.59,3.87,-0.23,-1,85000,25,367850
2017-02-24,3.94,3.99,4.1,3.86,0.12,1,46000,8,184870
2017-03-01,4.02,4.09,4.09,4.02,0.1,1,21000,2,85120
2017-03-07,3.82,3.82,3.82,3.82,0.24,1,1000,1,3820
2017-03-13,4.03,4.47,4.47,4.03,0.78,1,76000,10,318830
2017-03-14,4.4,4.55,4.55,4.31,0.08,1,91000,6,401050
2017-03-15,4.38,4.38,4.38,4.38,-0.17,-1,10000,1,43800
2017-03-16,4.42,4.31,4.42,4.31,-0.07,-1,40000,4,174600
2017-03-17,4.23,4.31,4.31,4.23,0.0,0,40000,3,170800
2017-03-20,4.62,4.92,5.1,4.62,0.61,1,105000,10,519490
2017-03-21,4.81,4.72,4.81,4.72,-0.2,-1,55000,3,262950
2017-03-23,4.95,4.67,4.95,4.67,-0.12,-1,56000,4,263900
2017-03-24,4.14,4.14,4.14,4.14,-0.53,-1,15000,2,62100
2017-03-29,3.16,3.16,3.16,3.16,0.27,1,1000,1,3160
2017-03-31,2.55,2.55,2.55,2.55,-0.42,-1,10000,1,25500
2017-04-05,2.56,2.56,2.56,2.56,0.01,1,10000,1,25600
2017-04-06,2.87,2.8,3.12,2.8,0.24,1,30000,8,90020
2017-04-07,2.74,2.76,2.76,2.74,-0.04,-1,31000,2,85460
2017-04-10,2.83,2.83,2.83,2.83,0.07,1,5000,1,14150
2017-04-11,2.45,2.45,2.45,2.45,-0.38,-1,10000,1,24500
2017-04-12,1.89,2.36,2.36,1.89,-0.09,-1,73000,9,164120
2017-04-13,2.31,2.14,2.31,2.14,-0.22,-1,76000,5,172760
2017-04-14,1.99,1.99,1.99,1.99,-0.15,-1,3000,1,5970
2017-04-25,2.01,2.35,2.35,2.01,0.41,1,43000,5,95630
2017-04-26,2.33,2.49,2.53,2.29,0.14,1,62000,12,146770
2017-04-27,2.43,2.42,2.43,2.42,-0.07,-1,29000,2,70420
2017-04-28,2.55,2.55,2.55,2.55,0.13,1,10000,1,25500
2017-05-02,2.2,2.2,2.2,2.2,-0.35,-1,10000,1,22000
2017-05-03,2.39,2.23,2.39,2.23,0.03,1,13000,2,30590
2017-05-04,2.16,2.16,2.16,2.16,-0.07,-1,3000,1,6480
2017-05-05,1.74,1.71,1.74,1.71,-0.45,-1,20000,4,34380
2017-05-08,1.36,1.5,1.5,1.35,-0.21,-1,241000,7,345080
2017-05-09,1.82,1.65,1.9,1.65,0.15,1,228000,7,414700
2017-05-10,1.69,1.79,1.81,1.69,0.14,1,22000,4,39050
2017-05-11,1.76,1.76,1.76,1.76,-0.03,-1,13000,1,22880
2017-05-12,1.96,2.51,2.51,1.96,0.75,1,46000,15,102450
2017-05-15,2.52,2.81,3.04,2.52,0.3,1,64000,20,174560
2017-05-16,2.97,3.09,3.09,2.97,0.28,1,14000,4,42820
2017-05-17,3.09,2.89,3.09,2.81,-0.2,-1,61000,8,186680
2017-05-18,2.75,2.67,2.82,2.66,-0.22,-1,44000,10,119210
2017-05-19,2.68,2.62,2.76,2.62,-0.05,-1,67000,13,178730
2017-05-22,2.57,2.63,2.71,2.47,0.01,1,84000,19,218530
2017-05-23,2.56,2.54,2.6,2.51,-0.09,-1,67000,13,170020
2017-05-24,2.4,2.35,2.5,2.35,-0.19,-1,62000,14,149660
2017-05-25,2.4,2.97,3.09,2.4,0.62,1,132000,24,374480
2017-05-26,2.92,3.36,3.37,2.83,0.39,1,130000,12,385630
2017-05-31,3.07,2.95,3.07,2.91,-0.41,-1,41000,13,121770
2017-06-01,3.13,3.09,3.38,3.08,0.14,1,100000,30,316540
2017-06-02,3.14,3.15,3.16,3.01,0.06,1,42000,12,131170
2017-06-03,3.51,3.6,3.81,3.46,0.45,1,125000,13,449220
2017-06-05,3.55,3.53,3.58,3.5,-0.07,-1,152000,10,536380
2017-06-06,3.75,3.71,3.88,3.63,0.18,1,67000,12,255110
2017-06-07,3.97,3.43,3.97,3.43,-0.28,-1,41000,4,158730
2017-06-08,3.39,3.52,3.59,3.39,0.09,1,38000,6,133690
2017-06-09,3.59,3.52,3.59,3.48,0.0,0,23000,5,81300
2017-06-12,3.48,3.45,3.48,3.45,-0.07,-1,2000,2,6930
2017-06-13,3.85,3.87,3.87,3.85,0.42,1,20000,2,77200
