date,OP,CP,HP,LP,DF,RD,TV,TC,TO
2017-03-22,1.0,1.0,1.0,1.0,-0.02,-1,90000,1,90000
2017-03-23,0.96,0.96,0.96,0.96,-0.04,-1,90000,1,86400
2017-03-30,0.65,0.75,0.75,0.65,0.11,1,391000,7,272650
2017-03-31,0.69,0.65,0.69,0.65,-0.1,-1,421000,4,289190
2017-04-06,0.7,0.77,0.77,0.7,0.19,1,478000,4,341160
2017-04-07,0.92,1.02,1.09,0.92,0.25,1,820000,11,814700
2017-04-10,0.92,0.89,0.94,0.89,-0.13,-1,459000,8,424480
2017-04-11,0.95,0.95,0.95,0.95,0.06,1,50000,1,47500
2017-04-12,0.96,0.96,0.99,0.94,0.01,1,394000,4,379240
2017-04-13,0.93,0.86,0.93,0.86,-0.1,-1,619000,16,571810
2017-04-14,0.87,0.84,0.87,0.84,-0.02,-1,190000,2,162600
2017-04-17,0.81,0.98,0.99,0.81,0.14,1,294000,4,259480
2017-04-18,0.96,1.13,1.13,0.94,0.15,1,763000,25,784150
2017-04-19,1.0,1.1,1.1,1.0,-0.03,-1,354000,34,374390
2017-04-20,1.2,1.2,1.2,1.19,0.1,1,80000,3,95330
2017-04-21,1.23,1.19,1.23,1.16,-0.01,-1,437000,9,528030
2017-04-24,1.14,1.1,1.16,1.1,-0.09,-1,368000,5,415940
2017-04-25,1.1,1.2,1.2,1.1,0.1,1,214000,7,242010
2017-04-26,1.23,1.34,1.34,1.19,0.14,1,385000,7,475640
2017-04-27,1.47,1.42,1.48,1.33,0.08,1,217000,9,315770
2017-04-28,1.37,1.34,1.38,1.33,-0.08,-1,57000,4,76980
2017-05-02,1.41,1.46,1.5,1.41,0.12,1,163000,4,240120
2017-05-03,1.43,1.38,1.46,1.38,-0.08,-1,193000,6,276860
2017-05-04,1.36,1.47,1.52,1.36,0.09,1,348000,12,493830
2017-05-05,1.44,1.26,1.44,1.23,-0.21,-1,310000,16,432540
2017-05-08,1.1,1.1,1.1,1.1,-0.16,-1,46000,1,50600
2017-05-09,1.04,1.04,1.04,1.04,-0.06,-1,25000,1,26000
2017-05-10,1.12,1.12,1.12,1.12,0.08,1,10000,1,11200
2017-05-11,1.15,1.15,1.15,1.15,0.03,1,35000,1,40250
2017-05-12,1.18,1.18,1.18,1.18,0.03,1,10000,1,11800
2017-05-15,1.25,1.37,1.41,1.21,0.19,1,321000,10,416750
2017-05-16,1.29,1.25,1.3,1.21,-0.12,-1,429000,10,547660
2017-05-17,1.26,1.3,1.3,1.24,0.05,1,289000,9,366320
2017-05-18,1.2,1.23,1.23,1.2,-0.07,-1,151000,4,182290
2017-05-23,1.14,1.2,1.23,1.14,0.08,1,139000,5,166800
2017-05-24,1.16,1.17,1.2,1.16,-0.03,-1,147000,7,171070
2017-05-25,1.23,1.32,1.32,1.23,0.15,1,152000,5,192440
2017-05-26,1.24,1.25,1.25,1.21,-0.07,-1,144000,11,178950
2017-05-31,1.26,1.26,1.26,1.26,0.01,1,1000,1,1260
2017-06-01,1.32,1.59,1.59,1.32,0.33,1,64000,4,99990
2017-06-02,1.52,1.76,1.85,1.45,0.17,1,167000,14,264820
2017-06-03,1.65,1.68,1.77,1.63,-0.08,-1,139000,9,231660
2017-06-05,1.71,2.01,2.03,1.69,0.33,1,356000,26,663920
2017-06-06,2.15,2.15,2.15,2.0,0.14,1,427000,37,902140
2017-06-07,2.01,1.97,2.04,1.96,-0.18,-1,173000,7,342030
2017-06-08,2.06,2.12,2.12,2.01,0.15,1,235000,14,491860
2017-06-09,2.03,2.01,2.1,1.99,-0.11,-1,260000,18,528570
2017-06-12,1.92,2.09,2.12,1.92,0.08,1,316000,13,648400
2017-06-13,2.16,2.13,2.16,2.13,0.04,1,286000,10,614470
2017-06-14,1.92,1.92,1.92,1.92,-0.21,-1,33000,1,63360
2017-06-15,1.7,1.86,1.9,1.7,-0.06,-1,218000,13,405700
2017-06-16,1.82,1.85,1.87,1.82,-0.01,-1,268000,14,496590
2017-06-19,1.76,1.77,1.82,1.74,-0.08,-1,89000,7,159220
2017-06-20,1.82,2.03,2.03,1.81,0.26,1,289000,19,546360
2017-06-21,2.05,2.21,2.21,2.05,0.18,1,298000,16,625910
2017-06-22,1.99,1.99,1.99,1.99,-0.22,-1,65000,2,129350
2017-06-29,1.73,1.94,1.94,1.73,0.28,1,74000,5,132500
2017-06-30,1.7,1.69,1.7,1.68,-0.25,-1,71000,4,120150
2017-07-04,1.71,1.71,1.71,1.71,0.04,1,14000,1,23940
2017-07-05,1.57,1.57,1.57,1.57,-0.14,-1,14000,1,21980
2017-07-06,1.71,1.71,1.71,1.71,0.14,1,23000,2,39330
2017-07-07,1.52,1.52,1.52,1.52,-0.19,-1,23000,2,34960
2017-07-14,1.12,1.16,1.16,1.12,0.18,1,100000,2,112440
2017-07-17,1.16,1.13,1.17,1.13,-0.03,-1,112000,5,130680
2017-07-18,1.09,1.1,1.1,1.09,-0.03,-1,15000,2,16380
2017-07-25,1.15,1.15,1.15,1.15,0.12,1,74000,1,85100
2017-07-26,1.19,1.19,1.19,1.19,0.04,1,74000,1,88060
2017-07-31,1.1,1.1,1.1,1.1,0.04,1,15000,1,16500
2017-08-02,1.28,1.28,1.28,1.28,-0.08,-1,15000,1,19200
