date,OP,CP,HP,LP,DF,RD,TV,TC,TO
2017-03-31,0.96,0.96,0.96,0.96,0.06,1,100000,1,96000
2017-04-05,1.1,1.12,1.12,1.05,0.16,1,322000,11,345210
2017-04-06,1.12,1.07,1.12,1.07,-0.05,-1,231000,18,254870
2017-04-07,1.15,1.21,1.21,1.11,0.14,1,576000,19,665480
2017-04-10,1.26,1.29,1.39,1.26,0.08,1,611000,23,798150
2017-04-11,1.24,1.15,1.24,1.14,-0.14,-1,832000,21,976770
2017-04-12,1.18,1.2,1.2,1.16,0.05,1,837000,12,986520
2017-04-13,1.2,1.2,1.28,1.2,0.0,0,591000,12,718390
2017-04-14,1.1,1.07,1.13,1.06,-0.13,-1,513000,15,568000
2017-04-17,1.08,1.11,1.11,1.01,0.04,1,460000,11,474680
2017-04-18,1.11,1.16,1.16,1.09,0.05,1,121000,5,134510
2017-04-19,1.13,1.12,1.15,1.12,-0.04,-1,160000,5,182700
2017-04-20,1.11,1.05,1.15,1.05,-0.07,-1,303000,10,340730
2017-04-21,1.1,1.24,1.24,1.08,0.19,1,309000,23,355540
2017-04-24,1.19,1.18,1.23,1.18,-0.06,-1,110000,15,131430
2017-04-25,1.18,1.21,1.21,1.18,0.03,1,125000,5,150200
2017-04-26,1.24,1.23,1.24,1.19,0.02,1,125000,7,153710
2017-04-27,1.2,1.2,1.2,1.2,-0.03,-1,10000,1,12000
2017-04-28,1.24,1.28,1.28,1.24,0.08,1,149000,5,188740
2017-05-02,1.2,1.18,1.2,1.18,-0.1,-1,119000,3,142000
2017-05-03,1.16,1.19,1.19,1.16,0.01,1,247000,4,290930
2017-05-04,1.17,1.17,1.19,1.14,-0.02,-1,414000,18,482750
2017-05-05,1.16,1.15,1.2,1.14,-0.02,-1,225000,7,261190
2017-05-08,1.28,1.2,1.3,1.15,0.05,1,599000,33,745130
2017-05-09,1.24,1.24,1.27,1.2,0.04,1,345000,18,430860
2017-05-10,1.24,1.49,1.56,1.24,0.25,1,535000,45,746840
2017-05-11,1.64,1.56,1.64,1.53,0.07,1,376000,22,602020
2017-05-12,1.53,1.6,1.64,1.53,0.04,1,97000,9,154270
2017-05-15,1.72,1.58,1.78,1.58,-0.02,-1,195000,13,332000
2017-05-16,1.53,1.62,1.62,1.5,0.04,1,251000,13,391850
2017-05-17,1.57,1.63,1.68,1.57,0.01,1,166000,8,270030
2017-05-18,1.48,1.48,1.56,1.45,-0.15,-1,108000,10,163330
2017-05-19,1.56,1.25,1.58,1.25,-0.23,-1,62000,8,85380
2017-05-22,1.27,1.27,1.27,1.27,0.02,1,22000,3,27940
2017-05-23,1.16,1.14,1.16,1.14,-0.13,-1,9000,3,10300
2017-05-24,1.18,1.28,1.28,1.18,0.14,1,38000,3,47140
2017-05-25,1.3,1.3,1.3,1.3,0.02,1,10000,2,13000
2017-05-26,1.08,1.05,1.1,1.05,-0.25,-1,32000,4,34460
2017-05-31,1.05,1.05,1.05,1.05,0.0,0,10000,1,10500
2017-06-01,1.04,0.89,1.04,0.89,-0.16,-1,60000,6,54900
2017-06-02,0.96,1.01,1.01,0.96,0.12,1,60000,3,59000
2017-06-03,1.03,1.03,1.03,1.03,0.02,1,10000,1,10300
2017-06-07,0.95,0.86,0.95,0.86,-0.15,-1,38000,2,35650
2017-06-08,0.84,0.81,0.84,0.8,-0.05,-1,43000,5,35330
2017-06-09,0.75,0.75,0.75,0.75,-0.06,-1,20000,2,15000
2017-06-12,0.77,0.75,0.77,0.75,0.0,0,30000,2,22900
2017-06-13,0.78,0.78,0.78,0.78,0.03,1,40000,2,31200
2017-06-14,0.68,0.64,0.68,0.64,-0.14,-1,15000,2,10000
2017-06-15,0.65,0.65,0.65,0.65,0.01,1,10000,1,6500
2017-06-16,0.64,0.64,0.64,0.64,-0.01,-1,10000,1,6400
2017-06-21,0.64,0.64,0.64,0.64,0.03,1,100000,1,64000
2017-06-22,0.66,0.66,0.66,0.66,0.02,1,100000,1,66000
2017-06-27,0.63,0.64,0.64,0.63,0.07,1,125000,2,79000
2017-06-28,0.63,0.67,0.67,0.62,0.03,1,205000,8,131800
2017-06-29,0.66,0.61,0.66,0.61,-0.06,-1,80000,3,51300
2017-07-07,0.56,0.56,0.56,0.56,0.06,1,59000,1,33040
2017-07-10,0.56,0.56,0.56,0.56,0.0,0,59000,1,33040
2017-07-11,0.49,0.49,0.49,0.49,-0.07,-1,116000,1,56840
2017-07-12,0.54,0.63,0.63,0.54,0.14,1,736000,15,414220
2017-07-13,0.63,0.61,0.63,0.6,-0.02,-1,741000,10,454680
2017-07-14,0.58,0.66,0.66,0.58,0.05,1,151000,5,89480
2017-07-17,0.7,0.67,0.7,0.67,0.01,1,130000,7,90100
2017-07-18,0.64,0.58,0.64,0.58,-0.09,-1,91000,4,55540
2017-07-19,0.6,0.65,0.69,0.6,0.07,1,131000,7,81500
2017-07-20,0.61,0.66,0.73,0.61,0.01,1,84000,8,54520
2017-07-21,0.76,0.73,0.85,0.73,0.07,1,184000,15,144770
2017-07-24,0.76,0.75,0.76,0.72,0.02,1,50000,7,37100
2017-07-25,0.75,0.75,0.75,0.75,0.0,0,20000,3,15000
2017-07-26,0.71,0.7,0.71,0.7,-0.05,-1,48000,2,34000
2017-07-27,0.74,0.79,0.79,0.72,0.09,1,168000,10,129040
2017-07-28,0.69,0.72,0.72,0.68,-0.07,-1,364000,14,253870
2017-07-31,0.6,0.59,0.6,0.58,-0.13,-1,233000,4,135780
2017-08-01,0.57,0.69,0.69,0.57,0.1,1,87000,7,52990
2017-08-02,0.71,0.67,0.71,0.65,-0.02,-1,90000,9,61500
2017-08-03,0.79,0.99,0.99,0.79,0.32,1,586000,59,527180
2017-08-04,1.27,1.08,1.38,1.08,0.09,1,877000,30,1137400
2017-08-07,1.42,1.25,1.48,1.21,0.17,1,644000,34,908060
2017-08-08,1.36,1.33,1.5,1.21,0.08,1,646000,51,883260
2017-08-09,1.39,1.29,1.39,1.16,-0.04,-1,471000,41,611010
2017-08-10,1.21,1.0,1.21,1.0,-0.29,-1,398000,30,422090
2017-08-11,0.99,1.1,1.13,0.99,0.1,1,411000,28,436200
2017-08-14,1.09,0.92,1.09,0.92,-0.18,-1,395000,23,403170
2017-08-15,0.96,0.93,0.96,0.85,0.01,1,289000,18,264990
2017-08-16,0.86,0.95,0.98,0.86,0.02,1,272000,21,244870
2017-08-17,1.02,1.21,1.27,1.0,0.26,1,250000,16,292710
2017-08-18,1.03,1.06,1.06,1.01,-0.15,-1,258000,18,267080
2017-08-21,1.03,0.99,1.03,0.96,-0.07,-1,160000,16,158600
2017-08-22,0.97,1.01,1.01,0.96,0.02,1,60000,5,58400
2017-08-23,1.04,1.08,1.18,0.99,0.07,1,183000,21,198300
2017-08-24,1.17,1.1,1.19,1.1,0.02,1,430000,21,501060
2017-08-25,1.1,1.25,1.29,1.02,0.15,1,272000,26,324930
2017-08-28,1.25,1.2,1.37,1.18,-0.05,-1,392000,29,486550
2017-08-29,1.16,1.11,1.16,1.05,-0.09,-1,225000,27,249730
2017-08-30,1.2,1.36,1.41,1.2,0.25,1,452000,39,582670
2017-08-31,1.48,1.35,1.51,1.31,-0.01,-1,362000,25,519660
2017-09-01,1.33,1.33,1.33,1.33,-0.02,-1,140000,7,186200
2017-09-04,1.24,1.32,1.36,1.24,-0.01,-1,110000,11,145200
2017-09-05,1.31,1.22,1.34,1.22,-0.1,-1,160000,9,210800
2017-09-06,1.24,1.13,1.24,1.09,-0.09,-1,43000,4,50390
2017-09-07,1.23,1.26,1.26,1.23,0.13,1,30000,2,37500
2017-09-08,1.16,1.12,1.16,1.12,-0.14,-1,40000,2,45200
2017-09-12,0.92,0.92,0.92,0.92,-0.2,-1,6000,1,5520
