date,OP,CP,HP,LP,DF,RD,TV,TC,TO
2017-04-12,1.67,1.67,1.67,1.67,-0.09,-1,10000,1,16700
2017-04-13,1.73,1.68,1.73,1.68,0.01,1,10000,10,17010
2017-04-14,1.52,1.53,1.53,1.52,-0.15,-1,40000,2,61100
2017-04-17,1.49,1.66,1.66,1.49,0.13,1,211000,6,342460
2017-04-18,1.67,1.64,1.67,1.64,-0.02,-1,190000,4,312110
2017-04-19,1.59,1.59,1.59,1.59,-0.05,-1,10000,1,15900
2017-04-20,1.6,1.74,1.75,1.6,0.15,1,1983000,33,3353660
2017-04-21,1.7,1.7,1.75,1.7,-0.04,-1,774000,27,1338410
2017-04-24,1.78,1.63,1.78,1.6,-0.07,-1,2012000,37,3352730
2017-04-25,1.67,1.67,1.74,1.64,0.04,1,992000,22,1665080
2017-04-26,1.71,1.82,1.85,1.66,0.15,1,2370000,60,4122290
2017-04-27,2.08,1.93,2.13,1.9,0.11,1,1686000,57,3359290
2017-04-28,1.96,2.05,2.13,1.96,0.12,1,625000,39,1267620
2017-05-02,2.1,2.26,2.33,2.07,0.21,1,740000,40,1615420
2017-05-03,2.65,2.27,2.65,2.27,0.01,1,419000,22,1053740
2017-05-04,2.33,2.5,2.54,2.32,0.23,1,484000,17,1194050
2017-05-05,2.68,2.53,2.76,2.53,0.03,1,771000,43,2033250
2017-05-08,2.6,2.54,2.6,2.46,0.01,1,268000,12,675190
2017-05-09,2.54,2.28,2.61,2.21,-0.26,-1,681000,14,1652240
2017-05-10,2.43,2.61,2.78,2.43,0.33,1,861000,36,2273180
2017-05-11,2.69,2.63,2.93,2.54,0.02,1,770000,52,2168980
2017-05-12,2.63,2.68,2.68,2.59,0.05,1,392000,27,1034470
2017-05-15,2.83,2.85,3.04,2.79,0.17,1,178000,12,524450
2017-05-16,2.82,2.69,2.82,2.69,-0.16,-1,209000,23,578650
2017-05-17,2.64,2.67,2.72,2.61,-0.02,-1,106000,6,277810
2017-05-18,2.57,2.54,2.57,2.53,-0.13,-1,495000,9,1262750
2017-05-19,2.51,2.65,2.68,2.51,0.11,1,322000,13,847390
2017-05-22,2.7,2.89,2.9,2.6,0.24,1,519000,24,1438590
2017-05-23,3.31,3.9,3.9,3.31,1.01,1,276000,21,1014520
2017-05-24,4.0,4.43,4.52,3.97,0.53,1,502000,31,2159770
2017-05-25,4.31,4.62,4.62,4.22,0.19,1,396000,26,1707040
2017-05-26,4.49,4.4,4.8,4.4,-0.22,-1,59000,12,272540
2017-05-31,4.19,4.93,4.93,4.19,0.53,1,150000,20,689750
2017-06-01,5.3,4.84,5.45,4.84,-0.09,-1,120000,14,635430
2017-06-02,4.88,4.88,4.88,4.88,0.04,1,2000,1,9760
2017-06-03,5.4,5.0,5.55,5.0,0.12,1,47000,8,254600
2017-06-05,4.94,4.94,4.94,4.94,-0.06,-1,10000,1,49400
2017-06-06,5.35,6.0,6.0,5.25,1.06,1,21000,3,118750
2017-06-07,5.7,5.55,5.7,5.4,-0.45,-1,12000,3,66600
2017-06-08,5.55,5.35,5.55,5.35,-0.2,-1,210000,8,1146550
2017-06-09,5.5,5.5,5.5,5.5,0.15,1,8000,1,44000
2017-06-12,4.73,4.8,4.85,4.73,-0.7,-1,83000,5,398940
2017-06-13,4.85,4.79,4.85,4.71,-0.01,-1,125000,9,592470
2017-06-14,5.05,4.54,5.05,4.36,-0.25,-1,52000,6,235550
2017-06-15,4.63,4.56,4.63,4.56,0.02,1,44000,4,202160
2017-06-16,4.61,4.93,4.93,4.61,0.37,1,58000,4,272130
2017-06-19,4.9,4.9,4.9,4.9,-0.03,-1,20000,2,98000
2017-06-21,4.88,4.88,4.88,4.88,-0.04,-1,1000,1,4880
2017-06-23,4.88,4.76,4.9,4.76,-0.12,-1,70000,7,340300
2017-06-26,4.8,4.8,4.8,4.8,0.04,1,23000,1,110400
2017-06-27,5.45,5.45,5.45,5.45,0.65,1,10000,1,54500
2017-06-28,6.05,6.05,6.05,6.05,0.6,1,3000,2,18150
2017-06-29,6.1,6.1,6.1,6.1,0.05,1,2000,1,12200
2017-07-03,5.8,5.85,5.85,5.8,-0.25,-1,80000,2,464500
2017-07-04,5.85,5.85,5.85,5.85,0.0,0,10000,1,58500
2017-07-05,6.3,6.9,6.9,6.3,1.05,1,6000,3,40400
2017-07-06,7.0,7.0,7.0,7.0,0.1,1,10000,1,70000
2017-07-07,6.75,7.2,7.2,6.75,0.2,1,21000,2,142200
