date,OP,CP,HP,LP,DF,RD,TV,TC,TO
2017-04-11,1.21,1.21,1.21,1.21,0.04,1,10000,1,12100
2017-04-14,0.91,0.91,0.91,0.91,-0.22,-1,10000,1,9100
2017-04-18,0.84,0.84,0.84,0.84,0.04,1,100000,1,84000
2017-04-19,0.87,0.87,0.87,0.87,0.03,1,100000,1,87000
2017-04-25,0.82,0.82,0.82,0.82,0.02,1,100000,1,82000
2017-04-26,0.82,0.82,0.82,0.82,0.0,0,100000,1,82000
2017-04-27,0.84,0.95,0.95,0.84,0.13,1,403000,6,366870
2017-04-28,0.95,0.93,0.95,0.93,-0.02,-1,512000,6,481240
2017-05-02,0.91,1.1,1.13,0.91,0.17,1,676000,16,690090
2017-05-03,1.12,1.1,1.12,1.07,0.0,0,642000,28,704370
2017-05-04,1.08,1.08,1.08,1.06,-0.02,-1,192000,7,205660
2017-05-05,1.2,1.11,1.2,1.1,0.03,1,60000,5,69850
2017-05-08,1.26,1.26,1.26,1.26,0.15,1,15000,1,18900
2017-05-09,1.06,1.02,1.06,1.02,-0.24,-1,3000,3,3130
2017-05-10,1.06,1.11,1.11,1.06,0.09,1,104000,5,112350
2017-05-11,1.22,1.3,1.37,1.2,0.19,1,638000,34,815720
2017-05-12,1.27,1.32,1.39,1.24,0.02,1,740000,28,960510
2017-05-15,1.45,1.39,1.48,1.36,0.07,1,333000,17,480940
2017-05-16,1.37,1.31,1.39,1.3,-0.08,-1,293000,11,401960
2017-05-17,1.32,1.3,1.32,1.26,-0.01,-1,301000,7,392930
2017-05-18,1.25,1.32,1.32,1.25,0.02,1,102000,4,127630
2017-05-19,1.3,1.29,1.3,1.29,-0.03,-1,12000,2,15580
2017-05-22,1.37,1.34,1.38,1.34,0.05,1,12000,6,16490
2017-05-23,1.31,1.3,1.31,1.3,-0.04,-1,7000,3,9110
2017-05-24,1.29,1.26,1.31,1.26,-0.04,-1,203000,6,263830
2017-05-25,1.32,1.29,1.32,1.26,0.03,1,456000,14,587430
2017-05-26,1.27,1.27,1.27,1.27,-0.02,-1,230000,3,292100
2017-05-31,1.25,1.25,1.25,1.25,-0.02,-1,10000,1,12500
2017-06-01,1.21,1.22,1.23,1.21,-0.03,-1,13000,4,15770
2017-06-02,1.25,1.32,1.34,1.25,0.1,1,142000,9,186760
2017-06-03,1.34,1.44,1.44,1.34,0.12,1,624000,23,871710
2017-06-05,1.49,1.39,1.49,1.39,-0.05,-1,561000,49,804720
2017-06-06,1.31,1.31,1.31,1.31,-0.08,-1,110000,2,144100
2017-06-07,1.23,1.22,1.24,1.22,-0.09,-1,46000,8,56210
2017-06-08,1.23,1.23,1.23,1.23,0.01,1,40000,1,49200
2017-06-09,1.2,1.26,1.26,1.19,0.03,1,119000,4,149390
2017-06-12,1.18,1.22,1.23,1.18,-0.04,-1,345000,11,418210
2017-06-13,1.23,1.19,1.23,1.18,-0.03,-1,236000,11,288610
2017-06-14,1.04,1.04,1.04,1.04,-0.15,-1,33000,2,34320
2017-06-15,1.0,1.07,1.07,1.0,0.03,1,128000,5,131750
2017-06-16,1.06,1.12,1.12,1.06,0.05,1,185000,5,197720
2017-06-19,1.13,1.14,1.15,1.13,0.02,1,197000,6,223030
2017-06-20,1.16,1.19,1.19,1.12,0.05,1,319000,8,367890
2017-06-21,1.35,1.34,1.45,1.34,0.15,1,598000,31,824350
2017-06-22,1.29,1.27,1.29,1.24,-0.07,-1,360000,25,458510
2017-06-23,1.24,1.23,1.28,1.23,-0.04,-1,12000,7,15110
2017-06-26,1.19,1.18,1.19,1.17,-0.05,-1,12000,3,14160
2017-06-27,1.13,1.09,1.14,1.09,-0.09,-1,26000,4,29270
2017-06-28,1.08,1.12,1.16,1.08,0.03,1,80000,3,87600
2017-07-03,1.06,1.06,1.06,1.06,-0.03,-1,15000,1,15900
2017-07-04,1.08,1.08,1.08,1.08,0.02,1,30000,1,32400
2017-07-05,1.04,1.07,1.07,1.04,-0.01,-1,101000,4,105070
2017-07-06,1.04,1.04,1.04,1.04,-0.03,-1,100000,2,104000
2017-07-10,1.04,1.02,1.08,1.02,0.01,1,308000,10,323440
2017-07-11,1.02,1.02,1.03,1.02,0.0,0,230000,3,235600
