date,OP,CP,HP,LP,DF,RD,TV,TC,TO
2017-04-11,1.09,1.05,1.18,1.05,-0.01,-1,702000,32,798170
2017-04-12,1.06,1.03,1.06,0.95,-0.02,-1,2075000,28,2110460
2017-04-13,1.05,1.0,1.11,1.0,-0.03,-1,1553000,25,1648380
2017-04-14,0.91,0.85,0.93,0.84,-0.15,-1,107000,12,94020
2017-04-17,0.91,1.01,1.02,0.86,0.16,1,783000,35,740830
2017-04-18,1.06,1.04,1.06,0.98,0.03,1,1284000,44,1320270
2017-04-19,1.0,0.93,1.03,0.93,-0.11,-1,447000,16,452240
2017-04-20,0.93,0.9,0.99,0.9,-0.03,-1,403000,14,388860
2017-04-21,0.91,0.94,0.94,0.87,0.04,1,372000,20,342450
2017-04-24,0.96,0.9,0.96,0.9,-0.04,-1,326000,12,307280
2017-04-25,0.87,0.94,0.95,0.87,0.04,1,264000,22,245820
2017-04-26,0.97,1.12,1.27,0.94,0.18,1,1470000,73,1582630
2017-04-27,1.13,1.08,1.17,1.08,-0.04,-1,1231000,47,1375650
2017-04-28,1.06,1.0,1.1,0.99,-0.08,-1,455000,25,476340
2017-05-02,0.99,0.96,1.01,0.95,-0.04,-1,138000,13,133960
2017-05-03,0.95,0.84,0.97,0.84,-0.12,-1,400000,29,364800
2017-05-04,0.95,0.89,1.01,0.89,0.05,1,786000,28,757080
2017-05-05,0.92,0.85,0.93,0.85,-0.04,-1,715000,30,638020
2017-05-08,0.87,0.85,0.89,0.85,0.0,0,180000,16,156930
2017-05-09,0.87,0.75,0.87,0.73,-0.1,-1,411000,18,317040
2017-05-10,0.75,0.79,0.79,0.75,0.04,1,249000,8,191990
2017-05-11,0.78,0.76,0.82,0.76,-0.03,-1,262000,12,202780
2017-05-12,0.75,0.76,0.76,0.74,0.0,0,272000,16,206360
2017-05-15,0.79,0.85,0.89,0.78,0.09,1,882000,29,745890
2017-05-16,0.83,0.82,0.89,0.82,-0.03,-1,679000,23,585040
2017-05-17,0.83,0.8,0.83,0.8,-0.02,-1,249000,10,202580
2017-05-18,0.73,0.77,0.81,0.72,-0.03,-1,185000,24,141090
2017-05-19,0.79,0.78,0.8,0.76,0.01,1,160000,13,125000
2017-05-22,0.75,0.74,0.75,0.74,-0.04,-1,43000,6,32040
2017-05-23,0.72,0.72,0.72,0.72,-0.02,-1,54000,5,38880
2017-05-24,0.75,0.85,0.88,0.73,0.13,1,1147000,52,937350
2017-05-25,0.88,0.82,0.89,0.82,-0.03,-1,1139000,31,968330
2017-05-26,0.82,0.8,0.82,0.8,-0.02,-1,268000,6,215410
2017-05-31,0.8,0.87,0.9,0.8,0.07,1,851000,52,729280
2017-06-01,0.94,0.95,0.98,0.91,0.08,1,1682000,67,1597180
2017-06-02,0.97,0.89,0.97,0.89,-0.06,-1,750000,21,709760
2017-06-03,0.8,0.8,0.81,0.79,-0.09,-1,298000,18,237360
2017-06-05,0.78,0.81,0.83,0.78,0.01,1,541000,21,436330
2017-06-06,0.83,0.81,0.83,0.78,0.0,0,407000,17,329410
2017-06-07,0.78,0.75,0.81,0.74,-0.06,-1,146000,10,114580
2017-06-08,0.74,0.74,0.74,0.74,-0.01,-1,2000,1,1480
2017-06-12,0.71,0.74,0.74,0.71,0.03,1,121000,9,88040
2017-06-13,0.76,0.74,0.76,0.74,0.0,0,121000,3,90280
2017-06-15,0.68,0.68,0.68,0.68,0.0,0,87000,3,59160
2017-06-16,0.66,0.7,0.7,0.66,0.02,1,184000,7,125320
2017-06-19,0.67,0.7,0.7,0.67,0.0,0,195000,6,132990
2017-06-20,0.7,0.71,0.71,0.7,0.01,1,168000,7,117700
2017-06-21,0.68,0.67,0.68,0.67,-0.04,-1,61000,5,41380
2017-06-22,0.73,0.75,0.75,0.69,0.08,1,541000,36,391250
2017-06-23,0.73,0.69,0.73,0.68,-0.06,-1,837000,54,586050
2017-06-26,0.7,0.74,0.76,0.69,0.05,1,2005000,106,1459440
2017-06-27,0.75,0.7,0.75,0.69,-0.04,-1,1414000,58,1045720
2017-06-28,0.67,0.62,0.68,0.61,-0.08,-1,400000,16,257440
2017-06-29,0.63,0.6,0.63,0.58,-0.02,-1,170000,12,100430
2017-06-30,0.54,0.5,0.55,0.5,-0.1,-1,126000,9,67330
2017-07-03,0.5,0.48,0.5,0.48,-0.02,-1,138000,6,67660
2017-07-04,0.5,0.51,0.52,0.49,0.03,1,177000,8,89170
2017-07-05,0.46,0.49,0.49,0.46,-0.02,-1,167000,3,77030
2017-07-06,0.51,0.52,0.52,0.51,0.03,1,69000,4,35690
2017-07-07,0.48,0.49,0.49,0.48,-0.03,-1,93000,3,44810
2017-07-10,0.52,0.52,0.54,0.52,0.03,1,114000,4,60220
2017-07-11,0.48,0.45,0.48,0.45,-0.07,-1,103000,4,48820
