date,OP,CP,HP,LP,DF,RD,TV,TC,TO
2017-04-17,0.75,0.85,0.92,0.72,0.06,1,426000,16,356990
2017-04-18,0.84,0.82,0.9,0.82,-0.03,-1,618000,14,539870
2017-04-19,0.73,0.66,0.76,0.66,-0.16,-1,356000,26,253100
2017-04-20,0.66,0.71,0.76,0.66,0.05,1,655000,17,467330
2017-04-21,0.79,0.82,0.85,0.78,0.11,1,802000,26,660490
2017-04-24,0.82,0.73,0.82,0.72,-0.09,-1,259000,20,197500
2017-04-25,0.67,0.71,0.72,0.63,-0.02,-1,211000,8,138960
2017-04-26,0.77,0.74,0.77,0.74,0.03,1,142000,6,107260
2017-04-27,0.73,0.93,0.93,0.72,0.19,1,524000,22,418990
2017-04-28,0.93,0.81,0.93,0.81,-0.12,-1,1108000,25,920920
2017-05-02,0.82,0.78,0.83,0.76,-0.03,-1,1223000,25,959230
2017-05-03,0.78,0.73,0.81,0.72,-0.05,-1,1153000,9,869530
2017-05-04,0.7,0.69,0.72,0.66,-0.04,-1,277000,12,188670
2017-05-05,0.74,0.68,0.75,0.68,-0.01,-1,31000,4,21850
2017-05-08,0.67,0.66,0.67,0.63,-0.02,-1,15000,3,9760
2017-05-09,0.66,0.64,0.67,0.61,-0.02,-1,247000,9,162780
2017-05-10,0.65,0.74,0.74,0.65,0.1,1,637000,21,437770
2017-05-11,0.75,0.67,0.76,0.67,-0.07,-1,1007000,17,742710
2017-05-12,0.65,0.65,0.67,0.64,-0.02,-1,34000,5,22260
2017-05-15,0.62,0.62,0.62,0.62,-0.03,-1,13000,2,8060
2017-05-16,0.61,0.5,0.61,0.49,-0.12,-1,367000,16,191440
2017-05-17,0.5,0.45,0.5,0.43,-0.05,-1,410000,13,187760
2017-05-18,0.48,0.5,0.53,0.48,0.05,1,486000,13,250170
2017-05-19,0.51,0.53,0.54,0.5,0.03,1,261000,9,133790
2017-05-22,0.52,0.55,0.55,0.52,0.02,1,281000,6,149040
2017-05-23,0.51,0.52,0.55,0.51,-0.03,-1,414000,8,218930
2017-05-24,0.55,0.55,0.55,0.55,0.03,1,18000,2,9900
2017-05-25,0.5,0.51,0.51,0.48,-0.04,-1,262000,4,132820
2017-05-26,0.49,0.44,0.49,0.44,-0.07,-1,307000,6,139160
2017-05-31,0.42,0.43,0.43,0.39,-0.01,-1,398000,3,168580
2017-06-01,0.48,0.49,0.5,0.48,0.06,1,162000,9,80510
2017-06-02,0.46,0.59,0.59,0.45,0.1,1,743000,21,398800
2017-06-03,0.56,0.59,0.59,0.55,0.0,0,780000,11,432940
2017-06-05,0.62,0.64,0.65,0.62,0.05,1,135000,5,86840
2017-06-06,0.64,0.69,0.7,0.64,0.05,1,15000,4,10390
2017-06-07,0.64,0.61,0.66,0.61,-0.08,-1,324000,5,199970
2017-06-08,0.61,0.65,0.65,0.61,0.04,1,188000,6,116580
2017-06-09,0.64,0.65,0.68,0.64,0.0,0,168000,7,110060
2017-06-12,0.58,0.57,0.59,0.55,-0.08,-1,159000,9,91230
2017-06-13,0.55,0.52,0.56,0.52,-0.05,-1,183000,4,96150
2017-06-14,0.51,0.5,0.51,0.5,-0.02,-1,148000,3,74300
2017-06-15,0.43,0.49,0.49,0.43,-0.01,-1,28000,2,12160
2017-06-16,0.49,0.49,0.49,0.49,0.0,0,58000,1,28420
2017-06-19,0.4,0.42,0.42,0.4,-0.07,-1,178000,5,73140
2017-06-20,0.42,0.37,0.44,0.37,-0.05,-1,251000,8,101090
2017-06-21,0.37,0.42,0.42,0.37,0.05,1,144000,8,58040
2017-06-22,0.36,0.41,0.41,0.36,-0.01,-1,53000,4,19130
2017-06-27,0.43,0.43,0.43,0.43,0.04,1,25000,2,10750
2017-06-30,0.34,0.35,0.36,0.34,0.0,0,16000,3,5510
2017-07-04,0.3,0.29,0.3,0.29,-0.05,-1,405000,6,119950
2017-07-05,0.31,0.34,0.34,0.31,0.05,1,2000,2,650
2017-07-06,0.36,0.36,0.36,0.36,0.02,1,20000,1,7200
2017-07-07,0.32,0.33,0.33,0.31,-0.03,-1,355000,4,113090
2017-07-10,0.36,0.38,0.38,0.36,0.05,1,2000,2,740
2017-07-11,0.36,0.39,0.4,0.36,0.01,1,301000,9,113660
2017-07-12,0.45,0.46,0.46,0.45,0.07,1,8000,2,3670
2017-07-13,0.47,0.62,0.65,0.47,0.16,1,797000,15,447750
2017-07-14,0.64,0.69,0.69,0.58,0.07,1,773000,26,481910
2017-07-17,0.8,0.71,0.8,0.71,0.02,1,361000,9,265410
2017-07-18,0.75,0.9,0.91,0.73,0.19,1,55000,4,46830
2017-07-19,0.91,0.77,0.91,0.77,-0.13,-1,222000,10,185230
2017-07-20,0.73,0.73,0.73,0.73,-0.04,-1,82000,2,59860
2017-07-21,0.78,0.78,0.78,0.78,0.05,1,114000,2,88920
2017-07-24,0.71,0.88,0.92,0.71,0.1,1,317000,7,253460
2017-07-25,0.83,0.87,0.87,0.79,-0.01,-1,339000,15,280680
2017-07-26,0.82,0.8,0.83,0.8,-0.07,-1,51000,3,41590
2017-07-31,0.63,0.67,0.67,0.63,0.05,1,183000,6,120010
2017-08-01,0.61,0.57,0.61,0.57,-0.1,-1,214000,8,127100
2017-08-02,0.55,0.55,0.55,0.55,-0.02,-1,110000,1,60500
2017-08-03,0.56,0.54,0.56,0.54,-0.01,-1,231000,7,129140
2017-08-04,0.59,0.59,0.59,0.59,0.05,1,6000,2,3540
2017-08-07,0.66,0.72,0.75,0.66,0.13,1,235000,6,170400
2017-08-08,0.66,0.64,0.66,0.62,-0.08,-1,564000,15,355510
2017-08-09,0.53,0.44,0.53,0.42,-0.2,-1,40000,5,20330
2017-08-10,0.47,0.44,0.47,0.41,0.0,0,328000,9,144570
2017-08-11,0.46,0.53,0.53,0.46,0.09,1,105000,5,49050
2017-08-14,0.46,0.48,0.5,0.44,-0.05,-1,425000,9,202820
2017-08-15,0.64,0.66,0.67,0.62,0.18,1,194000,6,126050
2017-08-16,0.81,0.74,0.82,0.74,0.08,1,417000,12,336210
2017-08-17,0.69,0.71,0.73,0.65,-0.03,-1,390000,9,268290
2017-08-18,0.72,0.8,0.8,0.72,0.09,1,284000,6,213630
2017-08-21,0.99,1.25,1.25,0.99,0.45,1,515000,18,567160
2017-08-22,1.25,1.17,1.25,1.11,-0.08,-1,547000,24,648840
2017-08-23,1.31,1.18,1.35,1.18,0.01,1,468000,9,598320
2017-08-24,1.23,1.4,1.45,1.23,0.22,1,389000,7,495450
2017-08-25,1.66,1.79,1.84,1.57,0.39,1,259000,13,444580
2017-08-28,2.2,2.61,2.61,2.2,0.82,1,103000,10,245430
2017-08-29,2.39,2.35,2.39,2.18,-0.26,-1,672000,13,1500980
2017-08-31,2.53,2.53,2.53,2.53,0.09,1,30000,1,75900
2017-09-05,2.61,2.61,2.61,2.61,0.15,1,20000,1,52200
2017-09-07,2.51,2.51,2.51,2.51,0.08,1,20000,1,50200
2017-09-11,2.16,2.16,2.16,2.16,-0.4,-1,30000,1,64800
2017-09-12,2.8,3.13,3.13,2.8,0.97,1,40000,2,118600
