date,OP,CP,HP,LP,DF,RD,TV,TC,TO
2017-04-27,1.52,1.43,1.52,1.43,0.26,1,14000,4,20770
2017-04-28,1.4,1.29,1.43,1.29,-0.14,-1,40000,7,54970
2017-05-02,1.28,1.25,1.28,1.21,-0.04,-1,34000,3,43000
2017-05-03,1.23,1.23,1.23,1.23,-0.02,-1,7000,1,8610
2017-05-04,1.21,1.26,1.32,1.21,0.03,1,328000,9,412420
2017-05-05,1.15,1.1,1.18,1.1,-0.16,-1,337000,28,386990
2017-05-08,1.1,1.1,1.13,1.08,0.0,0,63000,5,70590
2017-05-09,1.11,0.95,1.11,0.94,-0.15,-1,171000,4,184920
2017-05-10,0.94,0.99,0.99,0.94,0.04,1,250000,3,238500
2017-05-11,0.98,0.95,0.98,0.94,-0.04,-1,158000,17,151200
2017-05-12,0.95,0.95,0.95,0.95,0.0,0,23000,3,21850
2017-05-15,1.03,1.08,1.13,1.03,0.13,1,485000,11,520700
2017-05-16,1.09,1.06,1.13,1.05,-0.02,-1,749000,38,814180
2017-05-17,1.04,1.02,1.05,1.02,-0.04,-1,240000,17,248040
2017-05-18,0.94,0.97,0.97,0.94,-0.05,-1,11000,4,10640
2017-05-19,0.96,0.96,0.96,0.96,-0.01,-1,10000,2,9600
2017-05-24,0.96,1.07,1.07,0.93,0.16,1,395000,12,400690
2017-05-25,1.08,1.08,1.09,1.06,0.01,1,395000,32,423300
2017-05-26,1.01,1.01,1.01,1.01,-0.07,-1,10000,1,10100
2017-05-31,1.07,1.15,1.15,1.07,0.14,1,282000,7,309880
2017-06-01,1.22,1.24,1.28,1.21,0.09,1,409000,38,507590
2017-06-02,1.28,1.17,1.28,1.17,-0.07,-1,100000,12,123850
2017-06-03,1.01,1.05,1.05,1.01,-0.12,-1,25000,2,25850
2017-06-05,1.06,1.06,1.06,1.06,0.01,1,15000,1,15900
2017-06-06,1.06,1.06,1.06,1.06,0.0,0,15000,3,15900
2017-06-08,0.94,0.92,0.94,0.92,-0.06,-1,13000,2,12020
2017-06-09,0.92,0.92,0.92,0.92,0.0,0,30000,1,27600
2017-06-12,0.91,0.94,0.94,0.91,0.02,1,139000,3,127390
2017-06-13,0.99,0.91,0.99,0.91,-0.03,-1,126000,9,121950
2017-06-15,0.87,0.86,0.87,0.86,-0.01,-1,217000,7,188690
2017-06-16,0.84,0.85,0.86,0.84,-0.01,-1,300000,6,254890
2017-06-19,0.85,0.9,0.9,0.84,0.05,1,237000,9,203500
2017-06-20,0.89,0.89,0.9,0.89,-0.01,-1,137000,5,122180
2017-06-21,0.87,0.87,0.87,0.87,-0.02,-1,22000,2,19140
2017-06-22,0.94,0.98,0.98,0.9,0.11,1,304000,11,285740
2017-06-23,0.95,0.91,0.95,0.89,-0.07,-1,488000,40,442910
2017-06-26,0.9,0.96,0.96,0.88,0.05,1,1229000,37,1143190
2017-06-27,0.96,0.89,0.98,0.89,-0.07,-1,832000,43,783650
2017-06-28,0.8,0.75,0.8,0.75,-0.14,-1,448000,14,345510
2017-06-29,0.74,0.73,0.74,0.73,-0.02,-1,65000,4,47550
2017-06-30,0.65,0.63,0.65,0.6,-0.1,-1,160000,7,101550
2017-07-03,0.62,0.59,0.62,0.59,-0.04,-1,55000,3,32800
2017-07-04,0.62,0.62,0.62,0.62,0.03,1,100000,3,62000
2017-07-05,0.58,0.57,0.58,0.56,-0.05,-1,155000,4,87550
2017-07-06,0.62,0.62,0.62,0.62,0.05,1,20000,1,12400
2017-07-07,0.59,0.59,0.59,0.59,-0.03,-1,10000,1,5900
2017-07-10,0.61,0.62,0.62,0.61,0.03,1,245000,5,151800
2017-07-11,0.58,0.54,0.58,0.54,-0.08,-1,240000,9,136700
2017-07-12,0.54,0.53,0.54,0.53,-0.01,-1,30000,2,16000
2017-07-18,0.49,0.49,0.49,0.49,0.0,0,30000,1,14700
2017-07-20,0.51,0.56,0.56,0.51,0.07,1,245000,5,128200
2017-07-21,0.56,0.55,0.56,0.52,-0.01,-1,245000,30,133160
2017-07-24,0.54,0.54,0.54,0.54,-0.01,-1,2000,1,1080
2017-07-25,0.55,0.55,0.55,0.55,0.01,1,1000,1,550
2017-07-26,0.49,0.49,0.49,0.49,-0.06,-1,100000,1,49000
2017-07-28,0.42,0.41,0.42,0.41,-0.06,-1,53000,2,22230
2017-08-01,0.32,0.32,0.32,0.32,-0.01,-1,10000,1,3200
2017-08-02,0.32,0.32,0.32,0.32,0.0,0,50000,1,16000
2017-08-03,0.31,0.31,0.31,0.31,-0.01,-1,50000,1,15500
2017-08-07,0.42,0.45,0.45,0.42,0.1,1,80000,2,34500
2017-08-08,0.45,0.39,0.45,0.39,-0.06,-1,80000,14,33260
2017-08-16,0.25,0.25,0.25,0.25,0.04,1,50000,1,12500
2017-08-24,0.39,0.34,0.39,0.34,-0.04,-1,80000,4,29900
2017-08-31,0.3,0.3,0.3,0.3,0.05,1,30000,3,9000
2017-09-01,0.32,0.3,0.32,0.3,0.0,0,40000,4,12200
2017-09-04,0.27,0.27,0.27,0.27,-0.03,-1,15000,2,4050
2017-09-05,0.19,0.19,0.19,0.19,-0.08,-1,5000,1,950
2017-09-06,0.18,0.18,0.18,0.18,-0.01,-1,10000,2,1800
2017-09-07,0.2,0.2,0.2,0.2,0.02,1,10000,1,2000
2017-09-11,0.14,0.14,0.14,0.14,-0.03,-1,5000,1,700
