date,OP,CP,HP,LP,DF,RD,TV,TC,TO
2017-04-25,1.65,1.7,1.7,1.65,0.09,1,181000,5,300850
2017-04-26,1.72,1.91,1.93,1.72,0.21,1,635000,18,1143010
2017-04-27,2.02,2.0,2.09,1.95,0.09,1,591000,30,1194890
2017-04-28,1.95,1.88,1.96,1.8,-0.12,-1,129000,11,241460
2017-05-02,1.84,1.94,1.94,1.84,0.06,1,315000,16,600440
2017-05-03,1.88,1.77,1.88,1.77,-0.17,-1,292000,14,537320
2017-05-04,1.75,1.65,1.75,1.65,-0.12,-1,117000,11,200160
2017-05-05,1.68,1.62,1.68,1.62,-0.03,-1,63000,2,105540
2017-05-08,1.59,1.59,1.59,1.59,-0.03,-1,77000,2,122430
2017-05-09,1.53,1.54,1.54,1.53,-0.05,-1,60000,2,92090
2017-05-10,1.64,1.75,1.75,1.64,0.21,1,250000,8,416920
2017-05-11,1.64,1.67,1.67,1.64,-0.08,-1,250000,5,412430
2017-05-12,1.62,1.62,1.62,1.62,-0.05,-1,105000,2,170100
2017-05-15,1.61,1.54,1.61,1.54,-0.08,-1,115000,3,184200
2017-05-17,1.55,1.62,1.62,1.55,0.13,1,264000,9,413780
2017-05-18,1.5,1.53,1.54,1.49,-0.09,-1,264000,8,398380
2017-05-23,1.42,1.44,1.47,1.4,-0.03,-1,321000,13,463310
2017-05-24,1.48,1.49,1.51,1.48,0.05,1,289000,8,431960
2017-05-25,1.5,1.8,1.89,1.5,0.31,1,1058000,34,1731680
2017-05-26,1.74,1.81,1.86,1.71,0.01,1,1200000,51,2167700
2017-05-31,1.76,1.63,1.79,1.63,-0.18,-1,235000,14,411690
2017-06-01,1.68,1.68,1.68,1.68,0.05,1,17000,1,28560
2017-06-02,1.62,1.6,1.62,1.6,-0.08,-1,42000,3,67700
2017-06-03,1.59,1.71,1.81,1.59,0.11,1,487000,31,824260
2017-06-05,1.67,1.91,1.91,1.63,0.2,1,856000,61,1477130
2017-06-06,1.84,1.87,1.92,1.8,-0.04,-1,469000,19,868390
2017-06-07,1.96,1.95,2.15,1.92,0.08,1,596000,63,1202070
2017-06-08,1.89,1.99,1.99,1.79,0.04,1,655000,38,1228670
2017-06-09,2.1,2.72,2.72,2.1,0.73,1,613000,33,1398480
2017-06-12,2.44,2.58,2.62,2.39,-0.14,-1,444000,19,1107260
2017-06-14,2.1,2.08,2.1,2.08,-0.36,-1,20000,2,41800
2017-06-15,2.17,2.28,2.28,2.14,0.2,1,20000,3,43660
2017-06-16,2.13,2.08,2.13,2.08,-0.2,-1,55000,10,115530
2017-06-19,2.18,2.4,2.4,2.18,0.32,1,72000,5,164770
2017-06-20,2.26,2.24,2.34,2.21,-0.16,-1,28000,7,63360
2017-06-21,2.15,2.2,2.3,2.15,-0.04,-1,47000,8,102550
2017-06-23,2.23,2.25,2.25,2.23,0.09,1,24000,3,53700
2017-06-26,2.11,2.29,2.29,2.11,0.04,1,84000,12,180730
2017-06-27,2.2,2.18,2.22,2.18,-0.11,-1,20000,4,43960
2017-06-28,2.25,2.2,2.25,2.2,0.02,1,22000,2,48900
2017-06-29,2.49,2.11,2.5,2.11,-0.09,-1,34000,4,77360
2017-06-30,1.83,1.78,1.84,1.78,-0.33,-1,46000,5,83440
2017-07-03,1.91,1.91,1.91,1.91,0.13,1,10000,1,19100
2017-07-04,2.0,2.0,2.0,2.0,0.09,1,10000,1,20000
2017-07-07,2.29,2.33,2.44,2.29,0.36,1,35000,5,82270
2017-07-10,2.38,2.38,2.38,2.38,0.05,1,53000,2,126140
2017-07-11,2.67,2.7,2.7,2.67,0.32,1,44000,4,118360
2017-07-12,2.88,3.35,3.35,2.88,0.65,1,90000,10,278150
2017-07-13,3.42,3.42,3.42,3.42,0.07,1,75000,5,256500
2017-07-18,3.66,3.66,3.66,3.66,0.18,1,10000,1,36600
2017-07-19,3.82,3.82,3.82,3.82,0.16,1,10000,1,38200
2017-08-02,3.48,3.48,3.48,3.48,0.32,1,10000,1,34800
2017-08-03,3.56,3.56,3.56,3.56,0.08,1,10000,1,35600
2017-08-17,3.26,3.31,3.31,3.26,0.4,1,20000,2,65700
2017-08-18,3.15,3.15,3.15,3.15,-0.16,-1,20000,1,63000
2017-08-21,3.24,3.24,3.24,3.24,0.09,1,10000,1,32400
2017-08-22,3.23,3.23,3.23,3.23,-0.01,-1,10000,1,32300
2017-08-23,3.33,3.52,3.52,3.33,0.29,1,40000,4,137300
2017-08-24,3.54,3.54,3.54,3.54,0.02,1,40000,1,141600
