date,OP,CP,HP,LP,DF,RD,TV,TC,TO
2017-04-06,0.89,0.87,0.89,0.87,-0.03,-1,100000,2,88980
2017-04-07,0.84,0.82,0.84,0.81,-0.05,-1,254000,6,207840
2017-04-10,0.79,0.74,0.82,0.73,-0.08,-1,414000,8,317390
2017-04-11,0.77,0.82,0.82,0.75,0.08,1,504000,10,389340
2017-04-12,0.83,0.8,0.84,0.8,-0.02,-1,528000,19,433580
2017-04-13,0.79,0.87,0.87,0.79,0.07,1,1609000,25,1329800
2017-04-14,0.85,0.96,0.96,0.84,0.09,1,2327000,49,2052370
2017-04-17,0.84,0.98,0.98,0.83,0.02,1,414000,11,350870
2017-04-18,0.85,0.88,0.88,0.78,-0.1,-1,302000,29,254600
2017-04-19,0.81,0.83,0.83,0.79,-0.05,-1,1190000,19,950490
2017-04-20,0.78,0.93,0.99,0.78,0.1,1,2721000,47,2452410
2017-04-21,0.95,0.94,0.96,0.9,0.01,1,1708000,54,1579750
2017-04-24,1.02,1.02,1.07,0.98,0.08,1,1501000,50,1527420
2017-04-25,0.94,0.96,0.97,0.93,-0.06,-1,867000,34,822060
2017-04-26,0.92,0.9,0.94,0.86,-0.06,-1,1405000,54,1243450
2017-04-27,0.89,0.89,0.91,0.85,-0.01,-1,799000,31,702560
2017-04-28,0.89,0.96,0.97,0.89,0.07,1,1022000,39,956340
2017-05-02,0.94,0.96,1.0,0.92,0.0,0,857000,31,829760
2017-05-03,0.94,1.0,1.01,0.92,0.04,1,1100000,33,1070490
2017-05-04,0.97,0.95,0.99,0.94,-0.05,-1,1364000,43,1313670
2017-05-05,0.93,0.99,0.99,0.93,0.04,1,1239000,31,1197260
2017-05-08,1.0,0.9,1.0,0.9,-0.09,-1,1663000,48,1564920
2017-05-09,0.91,0.95,0.97,0.89,0.05,1,1593000,36,1481860
2017-05-10,0.92,0.94,0.94,0.91,-0.01,-1,699000,21,645810
2017-05-11,0.93,0.85,0.94,0.83,-0.09,-1,1689000,49,1489450
2017-05-12,0.82,0.73,0.82,0.7,-0.12,-1,2267000,56,1736890
2017-05-15,0.7,0.73,0.73,0.69,0.0,0,1368000,31,971620
2017-05-16,0.71,0.77,0.8,0.71,0.04,1,1070000,30,811110
2017-05-17,0.75,0.73,0.75,0.72,-0.04,-1,615000,16,449590
2017-05-18,0.73,0.74,0.74,0.67,0.01,1,1715000,27,1223300
2017-05-19,0.76,0.73,0.76,0.73,-0.01,-1,456000,10,340800
2017-05-22,0.72,0.7,0.72,0.68,-0.03,-1,111000,6,77880
2017-05-23,0.68,0.7,0.7,0.68,0.0,0,95000,6,65250
2017-05-24,0.7,0.7,0.7,0.69,0.0,0,45000,3,31400
2017-05-25,0.65,0.66,0.67,0.65,-0.04,-1,100000,4,65800
2017-05-26,0.66,0.68,0.68,0.66,0.02,1,376000,6,251490
2017-05-31,0.69,0.68,0.69,0.68,0.0,0,428000,5,293320
2017-06-01,0.64,0.65,0.65,0.63,-0.03,-1,618000,13,399340
2017-06-02,0.62,0.61,0.62,0.61,-0.04,-1,110000,3,67200
2017-06-03,0.6,0.56,0.6,0.56,-0.05,-1,266000,9,151420
2017-06-05,0.52,0.56,0.56,0.52,0.0,0,120000,5,64800
2017-06-06,0.57,0.62,0.62,0.57,0.06,1,340000,9,198910
2017-06-07,0.6,0.64,0.64,0.6,0.02,1,401000,8,243470
2017-06-08,0.6,0.62,0.62,0.58,-0.02,-1,197000,5,115590
2017-06-09,0.65,0.65,0.65,0.65,0.03,1,224000,2,145600
2017-06-12,0.66,0.69,0.69,0.66,0.04,1,10000,5,6720
2017-06-13,0.66,0.7,0.71,0.66,0.01,1,51000,7,35410
2017-06-14,0.68,0.75,0.78,0.68,0.05,1,76000,9,57260
2017-06-15,0.71,0.7,0.74,0.7,-0.05,-1,110000,4,79800
2017-06-16,0.75,0.77,0.77,0.75,0.07,1,391000,10,295850
2017-06-19,0.75,0.76,0.78,0.69,-0.01,-1,720000,18,544270
2017-06-20,0.72,0.76,0.76,0.71,0.0,0,389000,16,292150
2017-06-21,0.76,0.71,0.76,0.71,-0.05,-1,583000,11,429160
2017-06-22,0.68,0.66,0.69,0.66,-0.05,-1,461000,7,308270
2017-06-23,0.68,0.71,0.71,0.68,0.05,1,322000,6,220060
2017-06-26,0.68,0.68,0.69,0.68,-0.03,-1,276000,6,189190
2017-06-27,0.68,0.66,0.68,0.65,-0.02,-1,369000,4,249040
2017-06-28,0.69,0.74,0.74,0.69,0.08,1,409000,7,288760
2017-06-29,0.66,0.78,0.78,0.66,0.04,1,65000,4,44340
2017-06-30,0.76,0.75,0.78,0.74,-0.03,-1,90000,6,68800
2017-07-03,0.76,0.83,0.87,0.76,0.08,1,151000,9,128050
2017-07-04,0.78,0.74,0.78,0.74,-0.09,-1,249000,4,189690
2017-07-05,0.74,0.75,0.75,0.73,0.01,1,261000,5,191150
2017-07-06,0.72,0.67,0.72,0.63,-0.08,-1,330000,27,219440
2017-07-07,0.7,0.69,0.71,0.67,0.02,1,260000,9,182500
2017-07-10,0.62,0.65,0.65,0.62,-0.04,-1,106000,7,66840
2017-07-11,0.64,0.63,0.64,0.63,-0.02,-1,65000,3,41450
2017-07-12,0.53,0.57,0.58,0.53,-0.06,-1,195000,5,105150
2017-07-13,0.47,0.49,0.49,0.47,-0.08,-1,21000,2,9890
2017-07-17,0.48,0.48,0.48,0.48,0.01,1,70000,2,33600
2017-07-18,0.43,0.43,0.43,0.41,-0.05,-1,41000,6,17290
2017-07-19,0.43,0.43,0.43,0.43,0.0,0,10000,1,4300
2017-07-20,0.43,0.42,0.43,0.42,-0.01,-1,135000,3,56850
2017-07-21,0.41,0.4,0.41,0.4,-0.02,-1,61000,2,24910
2017-07-24,0.39,0.39,0.39,0.39,-0.01,-1,2000,1,780
2017-07-25,0.37,0.38,0.38,0.37,-0.01,-1,4000,2,1500
2017-07-26,0.27,0.25,0.27,0.25,-0.13,-1,90000,2,22700
2017-07-28,0.26,0.36,0.36,0.26,0.1,1,323000,5,90200
2017-07-31,0.36,0.4,0.4,0.34,0.04,1,622000,9,232760
2017-08-01,0.36,0.33,0.36,0.33,-0.07,-1,380000,6,134700
2017-08-02,0.34,0.34,0.34,0.34,0.01,1,10000,1,3400
2017-08-03,0.27,0.27,0.27,0.27,-0.07,-1,50000,1,13500
2017-08-04,0.25,0.25,0.25,0.25,-0.02,-1,10000,1,2500
2017-08-07,0.19,0.19,0.19,0.19,-0.06,-1,132000,4,25080
2017-08-08,0.21,0.21,0.21,0.21,0.02,1,5000,1,1050
2017-08-09,0.28,0.31,0.31,0.28,0.1,1,650000,6,192500
2017-08-10,0.33,0.33,0.33,0.33,0.02,1,5000,1,1650
2017-08-11,0.31,0.32,0.37,0.3,-0.01,-1,98000,6,33740
2017-08-14,0.31,0.3,0.31,0.3,-0.02,-1,53000,2,16400
2017-08-15,0.32,0.32,0.32,0.32,0.02,1,270000,3,86400
2017-08-16,0.28,0.28,0.28,0.28,-0.04,-1,30000,1,8400
2017-08-17,0.27,0.27,0.27,0.27,-0.01,-1,40000,1,10800
2017-08-18,0.26,0.24,0.26,0.24,-0.03,-1,50000,2,12200
2017-08-21,0.23,0.23,0.23,0.23,-0.01,-1,260000,2,59800
2017-09-04,0.15,0.15,0.15,0.15,-0.02,-1,1000,1,150
2017-09-06,0.07,0.08,0.08,0.07,-0.02,-1,178000,2,12640
2017-09-11,0.03,0.03,0.03,0.03,-0.03,-1,300000,1,9000
